Total time: 423.60 seconds
CPU Usage (%):
26.1
49.9
49.6
48.9
49.2
43.8
47.0
49.1
50.2
51.0
40.4
48.9
51.1
49.2
50.1
40.2
50.1
50.0
50.7
49.3
42.3
51.5
48.5
52.9
52.2
40.1
49.0
49.6
51.9
51.0
39.3
51.7
51.6
47.6
47.8
40.4
53.4
49.8
49.7
50.5
38.1
54.0
49.3
50.7
50.6
41.6
54.4
49.4
48.4
47.8
41.1
52.9
50.5
47.6
47.2
41.9
54.8
50.2
48.9
49.7
42.9
51.4
45.9
48.6
52.5
44.8
52.0
52.2
51.0
51.1
42.6
53.6
46.4
46.5
51.0
41.0
50.1
48.0
49.5
52.7
44.4
50.5
51.3
48.0
54.6
43.2
48.9
RAM Usage (GB):
39.161495208740234
39.240928649902344
39.187522888183594
39.21451950073242
39.21741485595703
39.24077224731445
39.223602294921875
39.23317337036133
39.22897720336914
39.29453659057617
39.28759765625
39.2535514831543
39.2413215637207
39.19506072998047
39.24540328979492
39.229862213134766
39.24471664428711
39.2196159362793
39.20298385620117
39.21088409423828
39.2111930847168
39.21067428588867
39.27421951293945
39.264747619628906
39.24009704589844
39.23043441772461
39.241416931152344
39.285255432128906
39.25569534301758
39.2889518737793
39.32524490356445
39.3207893371582
39.320281982421875
39.32307052612305
39.332271575927734
39.3317756652832
39.31111145019531
39.30604553222656
39.29090118408203
39.337310791015625
39.2513313293457
39.259033203125
39.252193450927734
39.311092376708984
39.25734329223633
39.35806655883789
39.338565826416016
39.282981872558594
39.31825256347656
39.32895278930664
39.29523849487305
39.21037292480469
39.196468353271484
39.2642707824707
39.19639587402344
39.25242614746094
39.21307373046875
39.20286560058594
39.238216400146484
39.22840118408203
39.27397918701172
39.241844177246094
39.23725509643555
39.23940658569336
39.23059844970703
39.23908615112305
39.21975326538086
39.21457290649414
39.22576141357422
39.232242584228516
39.20177459716797
39.30091857910156
39.22703552246094
39.21805953979492
39.2021484375
39.22612380981445
39.22090530395508
39.22147750854492
39.267478942871094
39.27418518066406
39.237342834472656
39.2342529296875
39.209930419921875
39.23416519165039
39.20319366455078
39.28861618041992
39.20965576171875
GPU Usage (%):

.join(map(str, gpu_percent_usage))
GPU Memory Usage (GB):
78.58984375
78.58984375
78.58984375
78.58984375
78.58984375
78.58984375
78.58984375
78.58984375
78.58984375
78.58984375
78.591796875
78.591796875
78.591796875
78.591796875
78.591796875
78.591796875
78.591796875
78.591796875
78.591796875
78.591796875
78.591796875
78.591796875
78.591796875
78.591796875
78.591796875
78.591796875
78.591796875
78.591796875
78.591796875
78.591796875
78.591796875
78.591796875
78.591796875
78.591796875
78.591796875
78.591796875
78.591796875
78.591796875
78.591796875
78.591796875
78.591796875
78.591796875
78.591796875
78.591796875
78.591796875
78.591796875
78.591796875
78.591796875
78.591796875
78.591796875
78.591796875
78.591796875
78.591796875
78.591796875
78.591796875
78.591796875
78.591796875
78.591796875
78.591796875
78.591796875
78.591796875
78.591796875
78.591796875
78.591796875
78.591796875
78.591796875
78.591796875
78.591796875
78.591796875
78.591796875
78.591796875
78.591796875
78.591796875
78.591796875
78.591796875
78.591796875
78.591796875
78.591796875
78.591796875
78.591796875
78.591796875
78.591796875
78.591796875
78.591796875
78.591796875
78.591796875
78.591796875
Epoch times (seconds):
6.517381191253662
4.398679971694946
4.383751630783081
4.5596702098846436
5.099905967712402
7.116778135299683
4.9501519203186035
4.571771860122681
4.327226638793945
4.190829277038574
5.968365907669067
4.630990743637085
4.110509634017944
4.445692539215088
4.246972322463989
6.486460447311401
4.515257120132446
4.264556169509888
4.070789098739624
4.535956144332886
5.888211250305176
4.2430384159088135
4.896847248077393
5.3301427364349365
4.72475004196167
5.55668044090271
4.4161107540130615
4.592946767807007
5.0811991691589355
4.25537896156311
6.50044846534729
3.968496561050415
4.031748533248901
4.092457294464111
4.3664610385894775
6.2339677810668945
5.082486867904663
4.063743352890015
4.568587779998779
4.2575507164001465
6.539209604263306
5.729639530181885
4.936602592468262
4.1935601234436035
4.299091100692749
6.044137477874756
5.076983451843262
4.416475296020508
4.149635314941406
4.284351110458374
5.88611626625061
3.954254388809204
3.8390285968780518
4.102902412414551
4.068605422973633
5.968279838562012
5.1468164920806885
4.918696165084839
4.668745994567871
4.287404537200928
5.752687931060791
3.9877283573150635
3.8923661708831787
3.963216781616211
4.186620235443115
7.503150224685669
4.299488067626953
4.830414056777954
5.353116273880005
4.288117408752441
6.0302019119262695
4.925110816955566
3.818715810775757
4.223287582397461
4.038382053375244
6.521263122558594
4.441958427429199
4.409683465957642
4.107059001922607
4.870863199234009
6.161051034927368
4.399658441543579
4.5285210609436035
5.241659164428711
5.478879928588867
7.452040433883667
4.3586554527282715
