0.07754075004682913
0.026982357023985354
0.021554308915228554
0.018835721448773428
0.016972267689804237
0.015571736428257706
0.014606489707187656
0.012704453971317578
0.012304332574982663
0.011088072987539428
0.010422947574648764
0.010107043789885133
0.009697858935617136
0.009265193669327022
0.009082150056925945
0.008572482294302224
0.00853364836440716
0.008462508821868019
0.008162709771457947
0.007929542398249561
0.007846976521533804
0.0077111222640131455
0.007571533400952429
0.0071477716127450845
0.007250804028743918
0.00700827758936655
0.007070311415714748
0.006769299186621006
0.006769778670589903
0.006656282984558896
0.006633849328714403
0.006634433981579491
0.006464397881454203
0.006396743255260187
0.00623228107236358
0.006329887844944671
0.006454768790198224
0.0061284082284543935
0.005984808761803876
0.005844305598003653
0.00643659212114491
0.006184072786079341
0.005943896861754971
0.005683494500969073
0.0056127433713477155
0.005698318409761696
0.0054707402742399285
0.005528929159529023
0.005488065375797289
0.00533140563502811
0.005311433468780025
0.005361148253994393
0.005359424209601177
0.005295694581922385
0.005217328938772475
0.0052315269836760835
0.00504484638829768
0.005148184973569144
0.005108775213175328
0.005423330529532456
0.0051481126468967305
0.0049054610686078345
0.0049744968199739595
0.005058956021055966
0.004892372736884724
0.004952152293917292
0.004820771689740416
0.004771920488502233
0.0051502743312581015
0.004783082405685798
0.004698488268662582
0.004889446333881258
0.0047107133187869665
0.004698872206393968
0.004624778614480258
0.004400897145198731
0.004512160989250262
0.004549581560536058
0.004624760986882306
0.0045006298208085105
0.0044456707601923315
0.004472468131991886
0.004520797514401022
0.004324010796078936
0.004443774377782043
0.004304126176168715
0.004308409916309567
