Total time: 6799.87 seconds
CPU Usage (%):
0.0
0.0
0.0
0.0
0.0
0.0
0.0
0.0
0.0
0.0
0.0
0.0
0.0
0.0
0.0
0.0
0.0
0.0
0.0
0.0
0.0
0.0
0.0
0.0
0.0
0.0
0.0
0.0
0.0
0.0
0.0
0.0
0.0
0.0
0.0
0.0
0.0
0.0
0.0
0.0
0.0
0.0
0.0
0.0
0.0
0.0
0.0
0.0
0.0
0.0
0.0
0.0
0.0
0.0
0.0
0.0
0.0
0.0
0.0
0.0
0.0
0.0
0.0
0.0
0.0
0.0
0.0
0.0
0.0
0.0
0.0
0.0
0.0
0.0
0.0
0.0
0.0
0.0
0.0
0.0
0.0
0.0
0.0
0.0
0.0
0.0
0.0
0.0
0.0
0.0
0.0
0.0
0.0
0.0
0.0
0.0
0.0
0.0
0.0
0.0
0.0
0.0
0.0
0.0
0.0
0.0
0.0
0.0
0.0
0.0
0.0
0.0
0.0
0.0
0.0
0.0
0.0
0.0
0.0
0.0
0.0
0.0
0.0
0.0
0.0
0.0
0.0
0.0
0.0
0.0
0.0
0.0
0.0
0.0
0.0
0.0
0.0
0.0
0.0
0.0
0.0
0.0
0.0
0.0
0.0
0.0
0.0
0.0
0.0
0.0
0.0
0.0
0.0
0.0
0.0
0.0
0.0
0.0
0.0
0.0
0.0
0.0
0.0
0.0
0.0
0.0
0.0
0.0
0.0
0.0
0.0
0.0
0.0
0.0
0.0
0.0
0.0
0.0
0.0
0.0
0.0
0.0
0.0
0.0
0.0
0.0
0.0
0.0
0.0
0.0
0.0
0.0
0.0
0.0
0.0
0.0
0.0
0.0
0.0
0.0
0.0
0.0
0.0
0.0
0.0
0.0
0.0
0.0
0.0
0.0
0.0
0.0
0.0
0.0
0.0
0.0
0.0
0.0
0.0
0.0
0.0
0.0
0.0
0.0
0.0
0.0
0.0
0.0
0.0
0.0
0.0
0.0
0.0
0.0
0.0
0.0
0.0
0.0
0.0
0.0
0.0
0.0
0.0
0.0
0.0
0.0
0.0
0.0
0.0
0.0
0.0
0.0
0.0
0.0
0.0
0.0
0.0
0.0
0.0
0.0
0.0
0.0
0.0
0.0
0.0
0.0
0.0
0.0
0.0
0.0
0.0
0.0
0.0
0.0
0.0
0.0
0.0
0.0
0.0
0.0
0.0
0.0
0.0
0.0
0.0
0.0
0.0
0.0
0.0
0.0
0.0
0.0
0.0
0.0
0.0
0.0
0.0
0.0
0.0
0.0
0.0
0.0
0.0
0.0
0.0
0.0
0.0
0.0
0.0
0.0
0.0
0.0
0.0
0.0
0.0
0.0
0.0
0.0
0.0
0.0
0.0
0.0
0.0
0.0
0.0
0.0
0.0
0.0
0.0
0.0
0.0
0.0
0.0
0.0
0.0
0.0
0.0
0.0
0.0
0.0
0.0
0.0
0.0
0.0
0.0
0.0
0.0
0.0
0.0
0.0
0.0
0.0
0.0
0.0
0.0
0.0
0.0
0.0
0.0
0.0
0.0
0.0
0.0
0.0
0.0
0.0
0.0
0.0
0.0
0.0
0.0
0.0
0.0
0.0
0.0
0.0
0.0
0.0
0.0
0.0
0.0
0.0
0.0
0.0
0.0
0.0
0.0
0.0
0.0
0.0
0.0
0.0
0.0
0.0
0.0
0.0
0.0
0.0
0.0
0.0
0.0
0.0
0.0
0.0
0.0
0.0
0.0
0.0
0.0
0.0
0.0
0.0
0.0
0.0
0.0
0.0
0.0
0.0
0.0
0.0
0.0
0.0
0.0
0.0
0.0
0.0
0.0
0.0
0.0
0.0
0.0
0.0
0.0
0.0
0.0
0.0
0.0
0.0
0.0
0.0
0.0
0.0
0.0
0.0
0.0
0.0
0.0
0.0
0.0
0.0
0.0
0.0
0.0
0.0
0.0
0.0
0.0
0.0
0.0
0.0
0.0
0.0
0.0
0.0
0.0
0.0
0.0
0.0
0.0
0.0
0.0
0.0
0.0
0.0
0.0
0.0
0.0
0.0
0.0
0.0
0.0
0.0
0.0
0.0
0.0
0.0
0.0
0.0
0.0
0.0
0.0
0.0
0.0
0.0
0.0
0.0
0.0
0.0
0.0
0.0
0.0
0.0
0.0
0.0
0.0
0.0
0.0
0.0
0.0
0.0
0.0
0.0
0.0
0.0
0.0
0.0
0.0
0.0
0.0
0.0
0.0
0.0
0.0
0.0
0.0
0.0
0.0
0.0
0.0
0.0
0.0
0.0
0.0
0.0
0.0
0.0
0.0
0.0
0.0
0.0
0.0
0.0
0.0
0.0
0.0
0.0
0.0
0.0
0.0
0.0
0.0
0.0
0.0
0.0
0.0
0.0
0.0
0.0
0.0
0.0
0.0
0.0
0.0
0.0
0.0
0.0
0.0
0.0
0.0
0.0
0.0
0.0
0.0
0.0
0.0
0.0
0.0
0.0
0.0
0.0
0.0
0.0
0.0
0.0
0.0
0.0
0.0
0.0
0.0
0.0
0.0
0.0
0.0
0.0
0.0
0.0
0.0
0.0
0.0
0.0
0.0
0.0
0.0
0.0
0.0
0.0
0.0
0.0
0.0
0.0
0.0
0.0
0.0
0.0
0.0
0.0
0.0
0.0
0.0
0.0
0.0
0.0
0.0
0.0
0.0
0.0
0.0
0.0
0.0
0.0
0.0
0.0
0.0
0.0
0.0
0.0
0.0
0.0
0.0
0.0
0.0
0.0
0.0
0.0
0.0
0.0
0.0
0.0
0.0
0.0
0.0
0.0
0.0
0.0
0.0
0.0
0.0
0.0
0.0
0.0
0.0
0.0
0.0
0.0
0.0
0.0
0.0
0.0
0.0
0.0
0.0
0.0
0.0
0.0
0.0
0.0
0.0
0.0
0.0
0.0
0.0
0.0
0.0
0.0
0.0
0.0
0.0
0.0
0.0
0.0
0.0
0.0
0.0
0.0
0.0
0.0
0.0
0.0
0.0
0.0
0.0
0.0
0.0
0.0
0.0
0.0
0.0
0.0
0.0
0.0
0.0
0.0
0.0
0.0
0.0
0.0
0.0
0.0
0.0
0.0
0.0
0.0
0.0
0.0
0.0
0.0
0.0
0.0
0.0
0.0
0.0
0.0
0.0
0.0
0.0
0.0
0.0
0.0
0.0
0.0
0.0
0.0
0.0
0.0
0.0
0.0
0.0
0.0
0.0
0.0
0.0
0.0
0.0
0.0
0.0
0.0
0.0
0.0
0.0
0.0
0.0
0.0
0.0
0.0
0.0
0.0
0.0
0.0
0.0
0.0
0.0
0.0
0.0
0.0
0.0
0.0
0.0
0.0
0.0
0.0
0.0
0.0
0.0
0.0
0.0
0.0
0.0
0.0
0.0
0.0
0.0
0.0
0.0
0.0
0.0
0.0
0.0
0.0
0.0
0.0
0.0
0.0
0.0
0.0
0.0
0.0
0.0
0.0
0.0
0.0
0.0
0.0
0.0
0.0
0.0
0.0
0.0
0.0
0.0
0.0
0.0
0.0
0.0
0.0
0.0
0.0
0.0
0.0
0.0
0.0
0.0
0.0
0.0
0.0
0.0
0.0
0.0
0.0
0.0
0.0
0.0
0.0
0.0
0.0
0.0
0.0
0.0
0.0
0.0
0.0
0.0
0.0
0.0
0.0
0.0
0.0
0.0
0.0
0.0
0.0
0.0
0.0
0.0
0.0
0.0
0.0
0.0
0.0
0.0
0.0
0.0
0.0
0.0
0.0
0.0
0.0
0.0
0.0
0.0
0.0
0.0
0.0
0.0
0.0
0.0
0.0
0.0
0.0
0.0
0.0
0.0
0.0
0.0
0.0
0.0
0.0
0.0
0.0
0.0
0.0
0.0
0.0
0.0
0.0
0.0
0.0
0.0
0.0
0.0
0.0
0.0
0.0
0.0
0.0
0.0
0.0
0.0
0.0
0.0
0.0
0.0
0.0
0.0
0.0
0.0
0.0
0.0
0.0
0.0
0.0
0.0
0.0
0.0
0.0
0.0
0.0
0.0
0.0
0.0
0.0
0.0
0.0
0.0
0.0
0.0
0.0
0.0
0.0
0.0
0.0
0.0
0.0
0.0
0.0
0.0
0.0
0.0
0.0
0.0
0.0
0.0
0.0
0.0
0.0
0.0
0.0
0.0
0.0
0.0
0.0
0.0
0.0
0.0
0.0
0.0
0.0
0.0
0.0
0.0
0.0
0.0
0.0
0.0
0.0
0.0
0.0
0.0
0.0
0.0
0.0
0.0
0.0
0.0
0.0
0.0
0.0
0.0
0.0
0.0
0.0
RAM Usage (GB):
6.881046295166016
6.852298736572266
6.909015655517578
6.859302520751953
6.920692443847656
6.915431976318359
6.916378021240234
6.9129486083984375
6.9128265380859375
6.895366668701172
6.919349670410156
6.920661926269531
6.920665740966797
6.9908599853515625
6.973289489746094
6.946464538574219
6.94622802734375
6.946464538574219
6.946464538574219
6.952304840087891
6.952358245849609
6.946510314941406
6.9465179443359375
6.9465179443359375
6.9465179443359375
6.946628570556641
6.934925079345703
6.946750640869141
6.934833526611328
6.935024261474609
6.927577972412109
6.933437347412109
6.933437347412109
6.921619415283203
6.933437347412109
6.933380126953125
6.933437347412109
6.921718597412109
6.921630859375
6.921577453613281
6.933727264404297
6.9219207763671875
6.927814483642578
6.9220123291015625
6.921955108642578
6.933681488037109
6.9219512939453125
6.9220123291015625
6.921806335449219
6.9220123291015625
6.919334411621094
6.919124603271484
6.919181823730469
6.930660247802734
6.919338226318359
6.931041717529297
6.954494476318359
6.919319152832031
6.919307708740234
6.931056976318359
6.94268798828125
6.931060791015625
6.954498291015625
6.954410552978516
6.919147491455078
6.919342041015625
6.930988311767578
6.930900573730469
6.930850982666016
6.93084716796875
6.942779541015625
6.953849792480469
6.942207336425781
6.942241668701172
6.95391845703125
6.9420166015625
6.942241668701172
6.953960418701172
6.941989898681641
6.9422149658203125
6.930782318115234
6.965839385986328
6.942527770996094
6.93060302734375
6.930767059326172
6.942527770996094
6.936450958251953
6.9305877685546875
6.930809020996094
6.954246520996094
6.9189910888671875
6.919109344482422
6.930828094482422
6.930839538574219
6.930763244628906
6.954219818115234
6.954280853271484
6.942481994628906
6.930763244628906
6.918914794921875
6.919124603271484
6.918983459472656
6.942462921142578
6.91912841796875
6.91912841796875
6.930412292480469
6.9306793212890625
6.930450439453125
6.918872833251953
6.930637359619141
6.954231262207031
6.930820465087891
6.930820465087891
6.942417144775391
6.919002532958984
6.9307708740234375
6.930702209472656
6.930706024169922
6.930820465087891
6.9190673828125
6.942539215087891
6.930599212646484
6.942539215087891
6.94244384765625
6.930820465087891
6.942501068115234
6.9539947509765625
6.930820465087891
6.942390441894531
6.942535400390625
6.919097900390625
6.9539794921875
6.930694580078125
6.918914794921875
6.942413330078125
6.930778503417969
6.953807830810547
6.930816650390625
6.918872833251953
6.9307708740234375
6.953956604003906
6.93646240234375
6.936676025390625
6.93658447265625
6.936592102050781
6.948276519775391
6.9478607177734375
6.948276519775391
6.9480438232421875
6.948276519775391
6.97149658203125
6.918994903564453
6.9190673828125
6.918830871582031
6.954010009765625
6.918907165527344
6.919017791748047
6.9423828125
6.930744171142578
6.930538177490234
6.941719055175781
6.965099334716797
6.930198669433594
6.930164337158203
6.941753387451172
6.941333770751953
6.941181182861328
6.941432952880859
6.953125
6.941196441650391
6.942516326904297
6.930797576904297
6.942417144775391
6.989131927490234
6.930797576904297
6.936656951904297
6.93646240234375
6.977550506591797
6.9307098388671875
6.977550506591797
6.930553436279297
6.930736541748047
6.930797576904297
6.9772796630859375
6.930637359619141
6.966072082519531
6.931037902832031
6.930839538574219
6.930942535400391
6.9656982421875
6.954261779785156
6.9455718994140625
6.956020355224609
6.950618743896484
6.979450225830078
6.977428436279297
6.930561065673828
6.9423980712890625
6.941978454589844
6.941993713378906
6.9306793212890625
6.930549621582031
6.942283630371094
6.930572509765625
6.942249298095703
6.942207336425781
6.930515289306641
6.930629730224609
6.942295074462891
6.942230224609375
6.954021453857422
6.953838348388672
6.965412139892578
6.953868865966797
6.9537811279296875
6.942192077636719
6.953804016113281
6.9656524658203125
6.942375183105469
6.954032897949219
6.953533172607422
6.953411102294922
6.953472137451172
6.941978454589844
6.9536285400390625
6.930305480957031
6.930355072021484
6.930309295654297
6.930355072021484
6.930530548095703
6.930335998535156
6.942058563232422
6.953914642333984
6.930332183837891
6.9479217529296875
6.965457916259766
6.930335998535156
6.9304656982421875
6.930324554443359
6.965568542480469
6.930290222167969
6.930442810058594
6.930492401123047
6.965335845947266
6.930530548095703
6.930335998535156
6.959503173828125
6.930362701416016
6.926288604736328
6.9265289306640625
6.92822265625
6.9283599853515625
6.928260803222656
6.963657379150391
6.931098937988281
6.931034088134766
6.942821502685547
6.931098937988281
6.931034088134766
6.931140899658203
6.942588806152344
6.931056976318359
6.931140899658203
6.930980682373047
6.931037902832031
6.954410552978516
6.931102752685547
6.931098937988281
6.954418182373047
6.931140899658203
6.9541778564453125
6.936775207519531
6.931026458740234
6.9627532958984375
6.926799774169922
6.942863464355469
6.954090118408203
6.9426422119140625
6.954082489013672
6.954463958740234
6.942417144775391
6.942741394042969
6.942741394042969
6.942508697509766
6.966182708740234
6.931011199951172
6.989418029785156
6.930927276611328
6.930942535400391
6.931144714355469
6.953704833984375
6.942237854003906
6.942108154296875
6.942157745361328
6.94232177734375
6.942180633544922
6.965373992919922
6.961185455322266
6.9439849853515625
6.938114166259766
6.93096923828125
6.93084716796875
6.931144714355469
6.927452087402344
6.938770294189453
6.928188323974609
6.962985992431641
6.928157806396484
6.939830780029297
6.9368743896484375
6.9428558349609375
6.937004089355469
6.93096923828125
6.927089691162109
6.93896484375
6.930877685546875
6.930965423583984
6.942577362060547
6.942714691162109
6.930908203125
6.931018829345703
6.92791748046875
6.966182708740234
6.964759826660156
6.970314025878906
6.941318511962891
6.942523956298828
6.930744171142578
6.9542236328125
6.942455291748047
6.942863464355469
6.931121826171875
6.942474365234375
6.942413330078125
6.942741394042969
6.954387664794922
6.942859649658203
6.931083679199219
6.942741394042969
6.9658355712890625
6.942474365234375
6.936786651611328
6.930919647216797
6.966182708740234
6.9426116943359375
6.931041717529297
6.931133270263672
6.942558288574219
6.942741394042969
6.9426422119140625
6.942432403564453
6.942634582519531
6.942741394042969
6.942478179931641
6.931022644042969
6.9316253662109375
6.931865692138672
6.931865692138672
6.931831359863281
6.955150604248047
6.955253601074219
6.943595886230469
6.931877136230469
6.931789398193359
6.931766510009766
6.966915130615234
6.9435577392578125
6.9318389892578125
6.931770324707031
6.978385925292969
6.931739807128906
6.931880950927734
6.966983795166016
6.931758880615234
6.9435272216796875
6.937541961669922
6.943519592285156
6.931861877441406
6.93170166015625
6.9316864013671875
6.943168640136719
6.943489074707031
6.943523406982422
6.931854248046875
6.955127716064453
6.931892395019531
6.943504333496094
6.943607330322266
6.943534851074219
6.931678771972656
6.943489074707031
6.9550628662109375
6.937503814697266
6.960704803466797
6.9755859375
6.928855895996094
6.931892395019531
6.931694030761719
6.9316864013671875
6.9317169189453125
6.943611145019531
6.955204010009766
6.931892395019531
6.931873321533203
6.931705474853516
6.943611145019531
6.943470001220703
6.943489074707031
6.943302154541016
6.93182373046875
6.931888580322266
6.9434051513671875
6.943359375
6.931892395019531
6.9432525634765625
6.931755065917969
6.931888580322266
6.955146789550781
6.93170166015625
6.9318389892578125
6.932125091552734
6.9319305419921875
6.943782806396484
6.978885650634766
6.93212890625
6.943763732910156
6.932037353515625
6.93212890625
6.932106018066406
6.928600311279297
6.93212890625
6.932010650634766
6.943748474121094
6.94384765625
6.932102203369141
6.966880798339844
6.9437255859375
6.932075500488281
6.943492889404297
6.955242156982422
6.93212890625
6.966915130615234
6.943595886230469
6.943790435791016
6.967166900634766
6.931968688964844
6.943836212158203
6.978515625
6.966770172119141
6.93212890625
6.931884765625
6.9320220947265625
6.9437255859375
6.9437255859375
6.9437255859375
6.943714141845703
6.943737030029297
6.93212890625
6.943706512451172
6.93212890625
6.943695068359375
6.9320831298828125
6.931934356689453
6.943569183349609
6.9437255859375
6.931907653808594
6.955532073974609
6.943687438964844
6.978790283203125
6.978885650634766
6.94384765625
6.93212890625
6.932056427001953
6.931903839111328
6.932106018066406
6.93212890625
6.943603515625
6.931949615478516
6.93212890625
6.932086944580078
6.932094573974609
6.93212890625
6.943683624267578
6.955284118652344
6.932121276855469
6.93212890625
6.932125091552734
6.932098388671875
6.932117462158203
6.9320068359375
6.943824768066406
6.95513916015625
6.943611145019531
6.9903106689453125
6.955448150634766
6.943397521972656
6.9435272216796875
6.9437255859375
6.9319305419921875
6.94384765625
6.955238342285156
6.955192565917969
6.955448150634766
6.955448150634766
6.943836212158203
6.931911468505859
6.943637847900391
6.943698883056641
6.943782806396484
6.9320220947265625
6.955448150634766
6.955230712890625
6.93212890625
6.932094573974609
6.932044982910156
6.990528106689453
6.961112976074219
6.932010650634766
6.932094573974609
6.931911468505859
6.9789276123046875
6.93212890625
6.932121276855469
6.943790435791016
6.967090606689453
6.955539703369141
6.93212890625
6.9437255859375
6.931980133056641
6.932106018066406
6.943695068359375
6.93212890625
6.949676513671875
6.9319610595703125
6.943714141845703
6.943721771240234
6.937870025634766
6.943569183349609
6.932037353515625
6.93212890625
6.955509185791016
6.9437255859375
6.9437255859375
6.943592071533203
6.9437255859375
6.931919097900391
6.93212890625
6.932056427001953
6.93206787109375
6.932117462158203
6.932064056396484
6.934528350830078
6.940097808837891
6.940284729003906
6.934291839599609
6.928558349609375
6.927955627441406
6.928119659423828
6.978839874267578
6.943828582763672
6.966911315917969
6.932014465332031
6.931957244873047
6.9437255859375
6.943603515625
6.931957244873047
6.967109680175781
6.9320526123046875
6.943805694580078
6.93212890625
6.943603515625
6.931907653808594
6.966850280761719
6.94384765625
6.943828582763672
6.978885650634766
6.943607330322266
6.943706512451172
6.9437255859375
6.931949615478516
6.943702697753906
6.9555206298828125
6.943767547607422
6.955448150634766
6.932010650634766
6.943748474121094
6.9319305419921875
6.932098388671875
6.943836212158203
6.943729400634766
6.93212890625
6.943687438964844
6.967166900634766
6.932025909423828
6.931999206542969
6.954010009765625
6.948093414306641
6.930820465087891
6.930633544921875
6.933429718017578
6.930393218994141
6.9303741455078125
6.977161407470703
6.930156707763672
6.930320739746094
6.930286407470703
6.930366516113281
6.9321136474609375
6.94384765625
6.932064056396484
6.931934356689453
6.940021514892578
6.929767608642578
6.929618835449219
6.929557800292969
6.957283020019531
6.95989990234375
6.94915771484375
6.949054718017578
6.949092864990234
6.960765838623047
6.960750579833984
6.960906982421875
6.960845947265625
6.949115753173828
6.984222412109375
6.972484588623047
6.960784912109375
6.949001312255859
6.949104309082031
6.931934356689453
6.932136535644531
6.943870544433594
6.932037353515625
6.955371856689453
6.932151794433594
6.9320220947265625
6.93206787109375
6.931949615478516
6.9320068359375
6.9320831298828125
6.932151794433594
6.9321136474609375
6.932151794433594
6.9438323974609375
6.9495697021484375
6.937984466552734
6.9288787841796875
6.938011169433594
6.940826416015625
6.967079162597656
6.931903839111328
6.9669342041015625
6.943759918212891
6.9319305419921875
6.931835174560547
6.931873321533203
6.932014465332031
6.943836212158203
6.932125091552734
6.9319610595703125
6.955387115478516
6.931907653808594
6.932151794433594
6.932132720947266
6.932151794433594
6.93206787109375
6.9319610595703125
6.932151794433594
6.943721771240234
6.978519439697266
6.972991943359375
6.9321136474609375
6.961452484130859
6.984596252441406
6.990627288818359
6.932106018066406
6.932044982910156
6.9321441650390625
6.932151794433594
6.931926727294922
6.955341339111328
6.9551544189453125
6.932151794433594
6.932033538818359
6.978557586669922
6.9670867919921875
6.928302764892578
6.940540313720703
6.9307861328125
6.942378997802734
6.930957794189453
6.954273223876953
6.931118011474609
6.965808868408203
6.9542999267578125
6.9543914794921875
6.954326629638672
6.931873321533203
6.932132720947266
6.955333709716797
6.932079315185547
6.932117462158203
6.928409576416016
6.956756591796875
6.9391937255859375
6.942882537841797
6.9662933349609375
6.955085754394531
6.966461181640625
6.966709136962891
6.955085754394531
6.943355560302734
6.949123382568359
6.986549377441406
6.963584899902344
7.013469696044922
6.966579437255859
6.9663543701171875
6.966682434082031
6.932018280029297
6.943866729736328
6.9554290771484375
6.932037353515625
6.93218994140625
6.92828369140625
6.928325653076172
6.939922332763672
6.928466796875
6.93218994140625
6.943149566650391
6.943370819091797
6.955089569091797
6.955009460449219
6.943332672119141
6.943370819091797
6.943294525146484
6.943225860595703
6.943141937255859
6.990123748779297
6.955272674560547
6.9379730224609375
6.943855285644531
6.931953430175781
6.932117462158203
6.955089569091797
6.943210601806641
6.9550628662109375
6.943370819091797
6.943325042724609
6.954952239990234
7.001445770263672
6.955036163330078
6.943370819091797
6.966640472412109
6.932037353515625
6.931964874267578
6.93194580078125
6.938053131103516
6.932090759277344
6.943187713623047
6.943370819091797
6.943347930908203
6.943340301513672
6.955089569091797
6.932151794433594
6.978481292724609
6.932193756103516
6.9437255859375
6.9320526123046875
6.932106018066406
6.967193603515625
6.932193756103516
6.931987762451172
6.967231750488281
6.932121276855469
6.932140350341797
6.943912506103516
6.943843841552734
6.927356719970703
6.927543640136719
6.927337646484375
6.9273529052734375
6.927696228027344
6.9321441650390625
6.943912506103516
6.932136535644531
6.990383148193359
6.955631256103516
6.932193756103516
6.949771881103516
6.973094940185547
6.9495697021484375
6.949775695800781
6.9614715576171875
6.972789764404297
6.949703216552734
6.961498260498047
6.949668884277344
6.949527740478516
6.949699401855469
6.9496307373046875
6.9612579345703125
6.949775695800781
6.972984313964844
6.961383819580078
6.949764251708984
6.973094940185547
6.984733581542969
6.9613800048828125
6.96136474609375
6.949657440185547
6.961498260498047
6.949695587158203
6.949542999267578
6.949535369873047
6.949779510498047
6.949619293212891
6.949634552001953
6.949699401855469
6.949779510498047
6.973125457763672
6.97283935546875
6.984493255615234
6.949779510498047
6.972698211669922
6.984683990478516
6.949684143066406
6.949718475341797
6.949642181396484
6.949775695800781
6.9495391845703125
6.9496002197265625
6.984813690185547
6.949775695800781
6.94952392578125
6.984607696533203
6.949779510498047
6.9728240966796875
6.949680328369141
6.949775695800781
6.949672698974609
6.984703063964844
6.949665069580078
6.996532440185547
6.932151794433594
6.955638885498047
6.932151794433594
6.932197570800781
6.932197570800781
6.943813323974609
6.955448150634766
6.943916320800781
6.943843841552734
6.931968688964844
6.990673065185547
6.932197570800781
6.932044982910156
6.932159423828125
6.932182312011719
6.943916320800781
6.943748474121094
6.932109832763672
6.990478515625
6.943916320800781
6.932197570800781
6.932155609130859
6.943916320800781
6.932094573974609
6.943778991699219
6.990673065185547
6.9554901123046875
6.955638885498047
6.932197570800781
6.990486145019531
6.955448150634766
6.943901062011719
6.932197570800781
6.990501403808594
6.943733215332031
6.932197570800781
6.932075500488281
6.979015350341797
6.932071685791016
6.932033538818359
6.943916320800781
6.931957244873047
6.943916320800781
7.002277374267578
6.943840026855469
6.967170715332031
6.967273712158203
6.932132720947266
6.943916320800781
6.955638885498047
6.943759918212891
6.9321136474609375
6.943916320800781
6.932197570800781
6.967132568359375
6.932197570800781
6.932125091552734
6.943695068359375
6.932048797607422
6.943885803222656
6.932014465332031
6.943901062011719
6.932197570800781
6.967292785644531
6.932186126708984
6.943778991699219
6.943916320800781
6.990673065185547
6.9320526123046875
6.932197570800781
6.9320068359375
6.990528106689453
6.932102203369141
6.943916320800781
6.943672180175781
6.9436798095703125
6.932197570800781
6.93206787109375
6.932155609130859
6.955574035644531
6.967132568359375
6.955440521240234
6.93218994140625
6.955638885498047
6.932025909423828
6.955394744873047
6.932151794433594
6.932159423828125
6.932109832763672
6.932197570800781
6.955577850341797
6.955509185791016
6.943836212158203
6.932079315185547
6.93212890625
6.932075500488281
6.967357635498047
6.943916320800781
6.943916320800781
6.990486145019531
6.932090759277344
6.932064056396484
6.932197570800781
6.931972503662109
6.943916320800781
6.932159423828125
6.932197570800781
6.9321441650390625
6.932197570800781
6.943916320800781
6.955402374267578
6.943721771240234
6.943916320800781
6.949687957763672
6.931980133056641
6.955493927001953
6.990673065185547
6.931972503662109
6.943817138671875
6.932033538818359
6.967357635498047
6.932121276855469
6.932048797607422
6.9320220947265625
6.990535736083984
6.938056945800781
6.9321136474609375
6.932178497314453
6.9438323974609375
6.932197570800781
6.932159423828125
6.9673004150390625
6.932090759277344
6.9320220947265625
6.955543518066406
6.93212890625
6.932197570800781
6.931949615478516
6.932197570800781
6.94384765625
6.978736877441406
6.943714141845703
6.943729400634766
6.943820953369141
6.932197570800781
6.9320831298828125
6.990566253662109
6.978710174560547
6.943916320800781
6.932186126708984
6.928562164306641
6.928577423095703
6.9289703369140625
6.932197570800781
6.932197570800781
GPU Usage (%):

.join(map(str, gpu_percent_usage))
GPU Memory Usage (GB):
0.93359375
0.93359375
0.93359375
0.93359375
0.93359375
0.93359375
0.93359375
0.93359375
0.93359375
0.93359375
0.935546875
0.935546875
0.935546875
0.935546875
0.935546875
0.935546875
0.935546875
0.935546875
0.935546875
0.935546875
0.935546875
0.935546875
0.935546875
0.935546875
0.935546875
0.935546875
0.935546875
0.935546875
0.935546875
0.935546875
0.935546875
0.935546875
0.935546875
0.935546875
0.935546875
0.935546875
0.935546875
0.935546875
0.935546875
0.935546875
0.935546875
0.935546875
0.935546875
0.935546875
0.935546875
0.935546875
0.935546875
0.935546875
0.935546875
0.935546875
0.935546875
0.935546875
0.935546875
0.935546875
0.935546875
0.935546875
0.935546875
0.935546875
0.935546875
0.935546875
0.935546875
0.935546875
0.935546875
0.935546875
0.935546875
0.935546875
0.935546875
0.935546875
0.935546875
0.935546875
0.935546875
0.935546875
0.935546875
0.935546875
0.935546875
0.935546875
0.935546875
0.935546875
0.935546875
0.935546875
0.935546875
0.935546875
0.935546875
0.935546875
0.935546875
0.935546875
0.935546875
0.935546875
0.935546875
0.935546875
0.935546875
0.935546875
0.935546875
0.935546875
0.935546875
0.935546875
0.935546875
0.935546875
0.935546875
0.935546875
0.935546875
0.935546875
0.935546875
0.935546875
0.935546875
0.935546875
0.935546875
0.935546875
0.935546875
0.935546875
0.935546875
0.935546875
0.935546875
0.935546875
0.935546875
0.935546875
0.935546875
0.935546875
0.935546875
0.935546875
0.935546875
0.935546875
0.935546875
0.935546875
0.935546875
0.935546875
0.935546875
0.935546875
0.935546875
0.935546875
0.935546875
0.935546875
0.935546875
0.935546875
0.935546875
0.935546875
0.935546875
0.935546875
0.935546875
0.935546875
0.935546875
0.935546875
0.935546875
0.935546875
0.935546875
0.935546875
0.935546875
0.935546875
0.935546875
0.935546875
0.935546875
0.935546875
0.935546875
0.935546875
0.935546875
0.935546875
0.935546875
0.935546875
0.935546875
0.935546875
0.935546875
0.935546875
0.935546875
0.935546875
0.935546875
0.935546875
0.935546875
0.935546875
0.935546875
0.935546875
0.935546875
0.935546875
0.935546875
0.935546875
0.935546875
0.935546875
0.935546875
0.935546875
0.935546875
0.935546875
0.935546875
0.935546875
0.935546875
0.935546875
0.935546875
0.935546875
0.935546875
0.935546875
0.935546875
0.935546875
0.935546875
0.935546875
0.935546875
0.935546875
0.935546875
0.935546875
0.935546875
0.935546875
0.935546875
0.935546875
0.935546875
0.935546875
0.935546875
0.935546875
0.935546875
0.935546875
0.935546875
0.935546875
0.935546875
0.935546875
0.935546875
0.935546875
0.935546875
0.935546875
0.935546875
0.935546875
0.935546875
0.935546875
0.935546875
0.935546875
0.935546875
0.935546875
0.935546875
0.935546875
0.935546875
0.935546875
0.935546875
0.935546875
0.935546875
0.935546875
0.935546875
0.935546875
0.935546875
0.935546875
0.935546875
0.935546875
0.935546875
0.935546875
0.935546875
0.935546875
0.935546875
0.935546875
0.935546875
0.935546875
0.935546875
0.935546875
0.935546875
0.935546875
0.935546875
0.935546875
0.935546875
0.935546875
0.935546875
0.935546875
0.935546875
0.935546875
0.935546875
0.935546875
0.935546875
0.935546875
0.935546875
0.935546875
0.935546875
0.935546875
0.935546875
0.935546875
0.935546875
0.935546875
0.935546875
0.935546875
0.935546875
0.935546875
0.935546875
0.935546875
0.935546875
0.935546875
0.935546875
0.935546875
0.935546875
0.935546875
0.935546875
0.935546875
0.935546875
0.935546875
0.935546875
0.935546875
0.935546875
0.935546875
0.935546875
0.935546875
0.935546875
0.935546875
0.935546875
0.935546875
0.935546875
0.935546875
0.935546875
0.935546875
0.935546875
0.935546875
0.935546875
0.935546875
0.935546875
0.935546875
0.935546875
0.935546875
0.935546875
0.935546875
0.935546875
0.935546875
0.935546875
0.935546875
0.935546875
0.935546875
0.935546875
0.935546875
0.935546875
0.935546875
0.935546875
0.935546875
0.935546875
0.935546875
0.935546875
0.935546875
0.935546875
0.935546875
0.935546875
0.935546875
0.935546875
0.935546875
0.935546875
0.935546875
0.935546875
0.935546875
0.935546875
0.935546875
0.935546875
0.935546875
0.935546875
0.935546875
0.935546875
0.935546875
0.935546875
0.935546875
0.935546875
0.935546875
0.935546875
0.935546875
0.935546875
0.935546875
0.935546875
0.935546875
0.935546875
0.935546875
0.935546875
0.935546875
0.935546875
0.935546875
0.935546875
0.935546875
0.935546875
0.935546875
0.935546875
0.935546875
0.935546875
0.935546875
0.935546875
0.935546875
0.935546875
0.935546875
0.935546875
0.935546875
0.935546875
0.935546875
0.935546875
0.935546875
0.935546875
0.935546875
0.935546875
0.935546875
0.935546875
0.935546875
0.935546875
0.935546875
0.935546875
0.935546875
0.935546875
0.935546875
0.935546875
0.935546875
0.935546875
0.935546875
0.935546875
0.935546875
0.935546875
0.935546875
0.935546875
0.935546875
0.935546875
0.935546875
0.935546875
0.935546875
0.935546875
0.935546875
0.935546875
0.935546875
0.935546875
0.935546875
0.935546875
0.935546875
0.935546875
0.935546875
0.935546875
0.935546875
0.935546875
0.935546875
0.935546875
0.935546875
0.935546875
0.935546875
0.935546875
0.935546875
0.935546875
0.935546875
0.935546875
0.935546875
0.935546875
0.935546875
0.935546875
0.935546875
0.935546875
0.935546875
0.935546875
0.935546875
0.935546875
0.935546875
0.935546875
0.935546875
0.935546875
0.935546875
0.935546875
0.935546875
0.935546875
0.935546875
0.935546875
0.935546875
0.935546875
0.935546875
0.935546875
0.935546875
0.935546875
0.935546875
0.935546875
0.935546875
0.935546875
0.935546875
0.935546875
0.935546875
0.935546875
0.935546875
0.935546875
0.935546875
0.935546875
0.935546875
0.935546875
0.935546875
0.935546875
0.935546875
0.935546875
0.935546875
0.935546875
0.935546875
0.935546875
0.935546875
0.935546875
0.935546875
0.935546875
0.935546875
0.935546875
0.935546875
0.935546875
0.935546875
0.935546875
0.935546875
0.935546875
0.935546875
0.935546875
0.935546875
0.935546875
0.935546875
0.935546875
0.935546875
0.935546875
0.935546875
0.935546875
0.935546875
0.935546875
0.935546875
0.935546875
0.935546875
0.935546875
0.935546875
0.935546875
0.935546875
0.935546875
0.935546875
0.935546875
0.935546875
0.935546875
0.935546875
0.935546875
0.935546875
0.935546875
0.935546875
0.935546875
0.935546875
0.935546875
0.935546875
0.935546875
0.935546875
0.935546875
0.935546875
0.935546875
0.935546875
0.935546875
0.935546875
0.935546875
0.935546875
0.935546875
0.935546875
0.935546875
0.935546875
0.935546875
0.935546875
0.935546875
0.935546875
0.935546875
0.935546875
0.935546875
0.935546875
0.935546875
0.935546875
0.935546875
0.935546875
0.935546875
0.935546875
0.935546875
0.935546875
0.935546875
0.935546875
0.935546875
0.935546875
0.935546875
0.935546875
0.935546875
0.935546875
0.935546875
0.935546875
0.935546875
0.935546875
0.935546875
0.935546875
0.935546875
0.935546875
0.935546875
0.935546875
0.935546875
0.935546875
0.935546875
0.935546875
0.935546875
0.935546875
0.935546875
0.935546875
0.935546875
0.935546875
0.935546875
0.935546875
0.935546875
0.935546875
0.935546875
0.935546875
0.935546875
0.935546875
0.935546875
0.935546875
0.935546875
0.935546875
0.935546875
0.935546875
0.935546875
0.935546875
0.935546875
0.935546875
0.935546875
0.935546875
0.935546875
0.935546875
0.935546875
0.935546875
0.935546875
0.935546875
0.935546875
0.935546875
0.935546875
0.935546875
0.935546875
0.935546875
0.935546875
0.935546875
0.935546875
0.935546875
0.935546875
0.935546875
0.935546875
0.935546875
0.935546875
0.935546875
0.935546875
0.935546875
0.935546875
0.935546875
0.935546875
0.935546875
0.935546875
0.935546875
0.935546875
0.935546875
0.935546875
0.935546875
0.935546875
0.935546875
0.935546875
0.935546875
0.935546875
0.935546875
0.935546875
0.935546875
0.935546875
0.935546875
0.935546875
0.935546875
0.935546875
0.935546875
0.935546875
0.935546875
0.935546875
0.935546875
0.935546875
0.935546875
0.935546875
0.935546875
0.935546875
0.935546875
0.935546875
0.935546875
0.935546875
0.935546875
0.935546875
0.935546875
0.935546875
0.935546875
0.935546875
0.935546875
0.935546875
0.935546875
0.935546875
0.935546875
0.935546875
0.935546875
0.935546875
0.935546875
0.935546875
0.935546875
0.935546875
0.935546875
0.935546875
0.935546875
0.935546875
0.935546875
0.935546875
0.935546875
0.935546875
0.935546875
0.935546875
0.935546875
0.935546875
0.935546875
0.935546875
0.935546875
0.935546875
0.935546875
0.935546875
0.935546875
0.935546875
0.935546875
0.935546875
0.935546875
0.935546875
0.935546875
0.935546875
0.935546875
0.935546875
0.935546875
0.935546875
0.935546875
0.935546875
0.935546875
0.935546875
0.935546875
0.935546875
0.935546875
0.935546875
0.935546875
0.935546875
0.935546875
0.935546875
0.935546875
0.935546875
0.935546875
0.935546875
0.935546875
0.935546875
0.935546875
0.935546875
0.935546875
0.935546875
0.935546875
0.935546875
0.935546875
0.935546875
0.935546875
0.935546875
0.935546875
0.935546875
0.935546875
0.935546875
0.935546875
0.935546875
0.935546875
0.935546875
0.935546875
0.935546875
0.935546875
0.935546875
0.935546875
0.935546875
0.935546875
0.935546875
0.935546875
0.935546875
0.935546875
0.935546875
0.935546875
0.935546875
0.935546875
0.935546875
0.935546875
0.935546875
0.935546875
0.935546875
0.935546875
0.935546875
0.935546875
0.935546875
0.935546875
0.935546875
0.935546875
0.935546875
0.935546875
0.935546875
0.935546875
0.935546875
0.935546875
0.935546875
0.935546875
0.935546875
0.935546875
0.935546875
0.935546875
0.935546875
0.935546875
0.935546875
0.935546875
0.935546875
0.935546875
0.935546875
0.935546875
0.935546875
0.935546875
0.935546875
0.935546875
0.935546875
0.935546875
0.935546875
0.935546875
0.935546875
0.935546875
0.935546875
0.935546875
0.935546875
0.935546875
0.935546875
0.935546875
0.935546875
0.935546875
0.935546875
0.935546875
0.935546875
0.935546875
0.935546875
0.935546875
0.935546875
0.935546875
0.935546875
0.935546875
0.935546875
0.935546875
0.935546875
0.935546875
0.935546875
0.935546875
0.935546875
0.935546875
0.935546875
0.935546875
0.935546875
0.935546875
0.935546875
0.935546875
0.935546875
0.935546875
0.935546875
0.935546875
0.935546875
0.935546875
0.935546875
0.935546875
0.935546875
0.935546875
0.935546875
0.935546875
0.935546875
0.935546875
0.935546875
0.935546875
0.935546875
0.935546875
0.935546875
0.935546875
0.935546875
0.935546875
0.935546875
0.935546875
0.935546875
0.935546875
0.935546875
0.935546875
0.935546875
0.935546875
0.935546875
0.935546875
0.935546875
0.935546875
0.935546875
0.935546875
0.935546875
0.935546875
0.935546875
0.935546875
0.935546875
0.935546875
0.935546875
0.935546875
0.935546875
0.935546875
0.935546875
0.935546875
0.935546875
0.935546875
0.935546875
0.935546875
0.935546875
0.935546875
0.935546875
0.935546875
0.935546875
0.935546875
0.935546875
0.935546875
0.935546875
0.935546875
0.935546875
0.935546875
0.935546875
0.935546875
0.935546875
0.935546875
0.935546875
0.935546875
0.935546875
0.935546875
0.935546875
0.935546875
0.935546875
0.935546875
0.935546875
0.935546875
0.935546875
0.935546875
0.935546875
0.935546875
0.935546875
0.935546875
0.935546875
0.935546875
0.935546875
0.935546875
0.935546875
0.935546875
0.935546875
0.935546875
0.935546875
0.935546875
0.935546875
0.935546875
0.935546875
0.935546875
0.935546875
0.935546875
0.935546875
0.935546875
0.935546875
0.935546875
0.935546875
0.935546875
0.935546875
0.935546875
0.935546875
0.935546875
0.935546875
0.935546875
0.935546875
0.935546875
0.935546875
0.935546875
0.935546875
0.935546875
0.935546875
0.935546875
0.935546875
0.935546875
0.935546875
0.935546875
0.935546875
0.935546875
0.935546875
0.935546875
0.935546875
0.935546875
0.935546875
0.935546875
0.935546875
0.935546875
0.935546875
0.935546875
0.935546875
0.935546875
0.935546875
0.935546875
0.935546875
0.935546875
0.935546875
0.935546875
0.935546875
0.935546875
0.935546875
0.935546875
0.935546875
0.935546875
0.935546875
0.935546875
0.935546875
0.935546875
0.935546875
0.935546875
0.935546875
0.935546875
0.935546875
0.935546875
0.935546875
0.935546875
0.935546875
0.935546875
0.935546875
0.935546875
0.935546875
0.935546875
0.935546875
0.935546875
Epoch times (seconds):
8.866255044937134
6.023791313171387
5.895262718200684
4.900348424911499
6.080491542816162
6.802689790725708
4.893301010131836
4.659512758255005
4.478755712509155
4.46457314491272
6.22897744178772
4.427698612213135
4.406798601150513
5.4568798542022705
4.978219509124756
7.62785530090332
5.12310004234314
5.4627580642700195
5.126969337463379
5.420267820358276
7.138275384902954
5.3568572998046875
5.5221266746521
5.428293228149414
5.36090350151062
7.227393627166748
5.1328489780426025
5.766602039337158
5.060356855392456
5.742331266403198
7.722735166549683
5.46866512298584
5.433177709579468
4.980660676956177
5.107009649276733
7.213387727737427
5.496258020401001
5.338823080062866
4.923044204711914
5.10517692565918
7.447815179824829
6.0323264598846436
6.056894540786743
5.577016830444336
5.462429046630859
7.326331853866577
5.33529257774353
6.2496559619903564
5.408213138580322
6.801291465759277
8.09626054763794
5.4298930168151855
5.247393846511841
5.809237480163574
5.643320798873901
7.649278163909912
5.098113775253296
4.727165937423706
4.997641086578369
5.317641973495483
7.005575656890869
5.088460445404053
4.88785719871521
5.936635255813599
5.946406126022339
7.6341776847839355
5.594125986099243
5.1572558879852295
5.373806715011597
5.2600462436676025
7.631550073623657
5.2373716831207275
5.201547622680664
5.330347299575806
5.508262634277344
7.2975523471832275
5.253605365753174
5.034341335296631
5.190952301025391
5.201383829116821
7.502772808074951
5.123841285705566
5.152907848358154
5.307577848434448
5.045639991760254
7.815916538238525
5.735032320022583
5.158493995666504
5.883100271224976
5.4650232791900635
7.613561630249023
6.170529842376709
6.287942409515381
6.261195659637451
5.600856781005859
7.6496381759643555
5.574239015579224
5.3433146476745605
5.427697658538818
5.361324310302734
7.500142335891724
6.555162668228149
7.813371181488037
7.169857740402222
7.702966928482056
9.447065114974976
7.672007083892822
8.172855377197266
8.01509428024292
8.459437131881714
9.942142963409424
7.700049877166748
6.97827410697937
7.091398000717163
7.577114105224609
9.805696964263916
7.260390758514404
7.911294460296631
7.356290102005005
7.0589213371276855
10.351798295974731
7.611142873764038
8.49141240119934
8.44760799407959
7.53678822517395
8.406355381011963
7.624144554138184
7.1250340938568115
8.056685447692871
8.11098575592041
9.645833015441895
7.623196125030518
7.041568994522095
7.583965539932251
7.681734085083008
9.25150465965271
5.384537935256958
5.249690771102905
5.301882028579712
5.305555820465088
7.656231641769409
5.436774730682373
5.498528957366943
5.553036212921143
5.729043483734131
7.619517087936401
5.815016269683838
5.493896245956421
5.936924695968628
5.2612833976745605
7.440017461776733
6.3198652267456055
6.029222249984741
5.531535387039185
5.994614124298096
7.649386882781982
6.062268257141113
5.354970216751099
5.840901851654053
6.006070613861084
7.849062919616699
5.499098777770996
5.430025577545166
5.250074148178101
5.1983442306518555
7.383056163787842
6.585064649581909
8.59590744972229
6.975328683853149
7.487928152084351
10.668391227722168
7.8668129444122314
7.415493726730347
7.343771696090698
7.395562171936035
9.607422590255737
8.001473903656006
7.8036439418792725
7.212576389312744
8.059568643569946
10.03944444656372
8.1399564743042
7.428958892822266
6.793254137039185
5.46955943107605
7.38064432144165
5.299232244491577
5.90534782409668
5.124303102493286
5.838627576828003
7.338383674621582
5.156909942626953
5.520475387573242
5.655804634094238
5.443857431411743
7.19115424156189
5.62817645072937
5.396078109741211
5.5504209995269775
5.340695142745972
7.332449674606323
5.308037757873535
5.4086267948150635
5.4840147495269775
6.011507034301758
8.38362741470337
5.5458338260650635
5.241170644760132
5.415359735488892
5.930628061294556
7.64015007019043
5.5733208656311035
5.081106901168823
5.6357102394104
5.728870391845703
7.409345865249634
5.112405061721802
5.70209813117981
6.102604150772095
6.109588384628296
7.883462905883789
5.3694167137146
5.529469013214111
6.169471025466919
5.8113179206848145
7.721954584121704
5.320742130279541
6.2386794090271
6.24607515335083
5.4974775314331055
7.563014030456543
5.588197708129883
5.27802848815918
5.459312200546265
5.583805799484253
7.595280885696411
5.195326328277588
5.463879823684692
5.371994256973267
5.748816013336182
7.5810546875
5.623804092407227
5.584478139877319
5.643274784088135
5.857170581817627
7.145878076553345
5.227723836898804
5.669604063034058
5.918617010116577
5.7886576652526855
8.211089611053467
5.914209842681885
6.138622999191284
5.913405179977417
5.402241468429565
7.208998203277588
5.743678569793701
5.626835584640503
5.947658538818359
5.8072662353515625
7.601538896560669
5.934805393218994
5.6579906940460205
6.024948835372925
5.870181322097778
7.402433395385742
6.068655967712402
5.91302490234375
5.519246578216553
5.571232795715332
7.077405214309692
5.635976791381836
5.77398419380188
5.304110765457153
5.6600730419158936
7.59847354888916
5.669046640396118
5.705888986587524
5.3289453983306885
5.437448978424072
7.033254623413086
5.424289226531982
5.424630880355835
5.292879819869995
5.621533632278442
7.371314525604248
5.9931676387786865
6.317642688751221
5.647652864456177
5.514421463012695
7.846287727355957
5.606804370880127
5.583951473236084
5.098822355270386
5.318990707397461
7.411813259124756
7.045412302017212
7.405702352523804
7.51142954826355
7.4869983196258545
9.40749192237854
7.629296541213989
7.788869619369507
7.565903425216675
9.274444818496704
9.561030864715576
7.061513900756836
7.850661993026733
7.365734815597534
7.323780536651611
8.819632291793823
7.7686767578125
7.7219016551971436
7.872021913528442
7.766221284866333
10.004253387451172
7.833136081695557
7.031440734863281
6.933535575866699
7.995564222335815
9.961567401885986
7.5144782066345215
7.08249306678772
7.499317407608032
7.015020370483398
9.72797441482544
5.523493766784668
5.532681465148926
5.38858437538147
5.130879163742065
7.064733028411865
6.216452121734619
5.683731555938721
6.102144002914429
7.013515472412109
7.847329139709473
5.67040491104126
6.15321159362793
5.680989980697632
5.303215503692627
7.225657939910889
5.381791114807129
5.3075110912323
5.12532377243042
5.53118634223938
7.4357593059539795
5.575943470001221
5.501983404159546
5.405808687210083
5.685941934585571
7.84751558303833
5.591483116149902
5.448381185531616
5.779742240905762
5.537967681884766
7.68981146812439
5.47819185256958
5.797429084777832
5.9077184200286865
5.86906099319458
7.320135831832886
5.332299470901489
5.4374167919158936
5.889263153076172
5.940762042999268
7.357524156570435
5.561488151550293
5.341557264328003
5.266260623931885
5.514265298843384
7.53921914100647
5.3764262199401855
5.384951591491699
6.251355886459351
5.438091039657593
7.230466842651367
5.405373573303223
5.802621841430664
5.347466707229614
5.4176130294799805
7.931591033935547
5.667872190475464
5.683029651641846
6.00043511390686
5.38935112953186
6.8600122928619385
5.273585081100464
5.245759010314941
5.88450288772583
5.525143146514893
6.846662998199463
5.171628952026367
5.496788263320923
5.623039484024048
5.440084934234619
7.626911640167236
5.244032382965088
5.363766431808472
5.927799463272095
5.6033759117126465
8.578449487686157
7.0729169845581055
7.15270733833313
6.98942756652832
6.921271800994873
9.446736097335815
6.846223592758179
7.561666011810303
7.980557680130005
8.774650573730469
9.537967920303345
6.909495830535889
8.018702030181885
7.519812345504761
8.333290100097656
10.349094152450562
6.8370912075042725
7.661559820175171
7.661947011947632
7.704659461975098
10.20969033241272
8.563507556915283
7.325770378112793
7.411076068878174
6.973018646240234
9.552396297454834
7.817366600036621
7.688303232192993
7.741725921630859
7.520466327667236
9.727780818939209
8.511512517929077
7.956635236740112
8.693456411361694
8.557753086090088
12.050320148468018
8.702895641326904
7.3287553787231445
5.716156959533691
5.992656230926514
7.472406387329102
5.932016849517822
6.039193153381348
5.878949403762817
5.58154821395874
7.917775869369507
5.428755760192871
5.419827938079834
5.444522857666016
5.592322111129761
7.64831280708313
7.2170727252960205
6.4864661693573
7.3203818798065186
6.987285614013672
10.35729432106018
7.448466539382935
6.478527069091797
7.274456024169922
7.777956962585449
9.798473596572876
6.549586534500122
6.630223512649536
6.728351593017578
7.178976535797119
9.677513360977173
6.8665571212768555
7.218018054962158
7.288017988204956
6.933159351348877
8.819325685501099
6.432697057723999
6.827738285064697
7.078956365585327
7.513611078262329
9.811032772064209
7.0296149253845215
7.582446336746216
7.460881948471069
8.285883903503418
9.073634386062622
6.459917068481445
7.357327699661255
7.153114557266235
7.371647357940674
9.743942499160767
6.102734327316284
5.845827579498291
5.230590581893921
5.4535064697265625
6.857171058654785
5.326482534408569
5.5712409019470215
5.456251621246338
5.329824924468994
8.001349449157715
5.3924784660339355
5.268113613128662
5.368736267089844
5.289579391479492
8.01588749885559
5.574161767959595
5.682247638702393
5.809707880020142
6.008311748504639
7.637601137161255
5.607019901275635
5.316686630249023
5.309539079666138
5.7586915493011475
7.307520627975464
5.906139850616455
5.150251865386963
5.115846157073975
5.1273033618927
7.105057954788208
5.352390766143799
5.308011293411255
5.409626483917236
5.281589984893799
7.073439598083496
5.714263200759888
5.289743661880493
6.197079420089722
5.186984539031982
7.73785400390625
5.393845796585083
5.183795928955078
5.580104112625122
4.972145080566406
7.090900897979736
5.399354934692383
5.699275970458984
5.848741054534912
5.484854221343994
9.802510023117065
8.521305322647095
7.999720573425293
8.167317867279053
6.9877283573150635
10.342784643173218
7.385670900344849
7.474984407424927
7.851244688034058
6.639020681381226
10.052504539489746
7.250399827957153
7.819790601730347
7.7909040451049805
7.7757203578948975
10.05613660812378
8.094408512115479
8.089710235595703
7.72629451751709
5.630553483963013
7.288004159927368
5.649400234222412
5.868698835372925
5.713124513626099
5.433432340621948
7.891881465911865
5.877239227294922
5.560440301895142
5.258865833282471
5.510336637496948
7.7061545848846436
5.865339279174805
5.722200155258179
5.350317478179932
6.199947118759155
7.369601011276245
5.330275058746338
5.552250385284424
5.8059844970703125
5.495270013809204
7.746902227401733
5.420186996459961
5.0404651165008545
5.499934196472168
5.772217035293579
8.345505475997925
5.733537197113037
5.167290210723877
5.4320759773254395
5.823479652404785
7.81940484046936
5.162952423095703
4.924838542938232
5.221745491027832
6.038902282714844
8.060580968856812
5.972643136978149
4.975088834762573
5.836756467819214
5.56274676322937
7.405924558639526
5.5800604820251465
5.445051431655884
5.723590612411499
5.893250226974487
8.136686563491821
5.662718057632446
5.408610582351685
5.448793172836304
5.700552463531494
7.985990047454834
6.096779823303223
6.040399074554443
5.753931522369385
5.758691787719727
7.54189395904541
5.860412836074829
5.8053059577941895
5.675781011581421
5.546211004257202
7.522104024887085
5.112341403961182
5.383536100387573
5.389776945114136
5.609570741653442
7.791231393814087
5.427992820739746
5.613127708435059
5.675454616546631
5.458486080169678
7.4969706535339355
5.200806379318237
5.856487512588501
5.316853284835815
5.501927852630615
7.696179628372192
5.611362457275391
5.569643497467041
6.362777948379517
6.183936834335327
7.477415561676025
5.527657985687256
5.342300176620483
6.41893196105957
6.0841734409332275
7.519968271255493
5.705284595489502
5.647171497344971
5.639239072799683
5.924389839172363
7.5494704246521
5.937546730041504
5.611554384231567
5.3846435546875
6.198936462402344
8.218998432159424
5.320346832275391
5.461556434631348
5.509585380554199
5.737269878387451
7.627336502075195
5.421355962753296
5.512019157409668
6.0230958461761475
5.852428913116455
7.457817792892456
6.041592121124268
5.941007852554321
5.635128498077393
5.593785524368286
7.945594787597656
6.061565637588501
5.605077743530273
5.491196393966675
5.561239957809448
7.60261082649231
5.99305534362793
5.596435308456421
6.304034233093262
5.386686325073242
8.230684041976929
5.727987289428711
6.183563232421875
5.9529571533203125
5.383979797363281
7.530685663223267
5.296330451965332
6.176466941833496
5.611578702926636
5.387311220169067
7.333606719970703
5.69334864616394
5.323071002960205
5.005369424819946
5.810967445373535
7.620669603347778
6.049473762512207
5.622817277908325
5.893730640411377
5.503329038619995
8.000582695007324
5.709482192993164
5.681769847869873
5.050559759140015
5.690307378768921
7.564072847366333
5.3540520668029785
5.206183195114136
5.3149518966674805
5.533731698989868
7.9547741413116455
6.955841541290283
6.6215980052948
6.969972610473633
7.573733568191528
9.788548707962036
7.686307430267334
6.881977081298828
7.154085874557495
7.164064407348633
10.327940464019775
7.912994623184204
6.8838951587677
7.257488012313843
7.42236065864563
10.839486598968506
7.478216648101807
6.8021240234375
7.346121072769165
9.409167766571045
14.037101030349731
9.924240589141846
8.210776805877686
9.896862268447876
8.648029327392578
10.11122727394104
9.106033325195312
8.20569634437561
8.28658413887024
8.884367227554321
10.527324199676514
8.30117130279541
7.391188383102417
6.999468564987183
8.255466938018799
10.950706720352173
8.99742317199707
7.541011810302734
7.300957918167114
8.552265644073486
10.075944662094116
7.548764228820801
7.068759202957153
6.808160305023193
7.840083360671997
8.80556583404541
7.427762985229492
6.9967546463012695
6.357928514480591
7.2138426303863525
9.406416893005371
7.580963134765625
6.891427516937256
6.55904221534729
7.206728935241699
9.462779760360718
8.250253200531006
7.712822675704956
7.243368864059448
7.313039541244507
9.903629541397095
7.898683786392212
8.451854228973389
7.761199235916138
7.396857976913452
9.925433158874512
7.086856126785278
8.872803449630737
7.17253851890564
8.267622232437134
10.727359294891357
8.267935037612915
8.504426717758179
7.262842178344727
5.789334058761597
7.727521657943726
6.04776668548584
6.2703258991241455
5.739792585372925
6.1462297439575195
7.729320049285889
5.940330743789673
5.955847978591919
6.010921239852905
6.414179801940918
7.702074289321899
6.120200872421265
6.639453411102295
5.383186340332031
5.67207145690918
7.892315864562988
6.0139806270599365
5.8191304206848145
5.126499891281128
5.750940561294556
7.201531648635864
5.48281717300415
5.495182991027832
5.553636074066162
5.343692779541016
7.466997146606445
5.33945369720459
5.253433465957642
4.817469596862793
5.91205358505249
7.486775159835815
7.708449840545654
7.138890981674194
6.8456645011901855
6.913048028945923
9.05669116973877
7.316474914550781
7.469557046890259
7.13109564781189
7.254323244094849
9.655268907546997
7.050176382064819
7.7290143966674805
7.483436107635498
8.297914505004883
9.689609050750732
8.316603660583496
8.38041377067566
7.769782543182373
8.060307741165161
10.826375246047974
7.938381195068359
7.683669328689575
7.265833377838135
8.592478036880493
10.621386766433716
9.392704486846924
8.902743339538574
7.592668771743774
8.226994276046753
9.547466516494751
6.952406644821167
7.270572662353516
7.188159704208374
6.899028301239014
9.768022537231445
7.347737789154053
7.529055595397949
6.7472803592681885
6.876886606216431
9.73994255065918
7.575229644775391
8.38897156715393
7.3384833335876465
7.259945631027222
9.143255949020386
6.904819965362549
7.141035556793213
6.415533542633057
7.240810394287109
9.802473306655884
7.4893341064453125
7.227581262588501
6.372869491577148
7.573006868362427
10.659419536590576
7.609017848968506
7.727996349334717
7.574700355529785
7.365185737609863
9.365716695785522
7.738830327987671
7.435664176940918
7.134306907653809
7.493717193603516
9.951821565628052
7.11545991897583
6.564358711242676
6.381633758544922
6.777010679244995
10.508125066757202
7.878327131271362
7.238666772842407
7.175262928009033
7.475188970565796
10.564512014389038
7.416748285293579
7.694647312164307
8.717296838760376
6.835285902023315
10.230165481567383
8.08455777168274
9.060320854187012
8.514435291290283
7.0085320472717285
9.496351718902588
7.937974452972412
8.170946836471558
8.829914808273315
7.439879417419434
10.491571187973022
6.644303321838379
5.494271755218506
5.987369060516357
5.130918741226196
7.981850862503052
5.42785120010376
5.700759410858154
5.680753469467163
6.141283750534058
10.030941247940063
7.692278623580933
7.0774712562561035
7.320103645324707
7.20289421081543
9.776222467422485
7.880660057067871
7.186858177185059
6.893839597702026
6.8760645389556885
10.1980140209198
7.909546375274658
8.201746702194214
7.727328062057495
6.657765626907349
9.578874349594116
7.993595600128174
7.7017412185668945
7.457648038864136
7.390678882598877
9.377865314483643
7.490717172622681
7.2678797245025635
6.994336128234863
7.923356533050537
9.488259553909302
7.903506755828857
7.630041599273682
7.871969223022461
7.621139764785767
8.844920635223389
7.5290892124176025
8.482609272003174
7.760776042938232
7.732774496078491
9.18587064743042
5.957120180130005
5.963723421096802
5.630695819854736
5.98205304145813
7.356403112411499
6.908226013183594
5.771272420883179
6.566008806228638
6.148701190948486
8.451831340789795
7.63303542137146
7.12322735786438
7.036891460418701
7.000246286392212
10.130823850631714
6.227060794830322
6.642096519470215
6.05884861946106
6.234578371047974
7.039113759994507
6.439032554626465
5.840946435928345
6.4368603229522705
6.328307151794434
7.551403045654297
5.823976755142212
5.66629695892334
5.818220853805542
5.9454381465911865
8.107312440872192
5.987297534942627
6.025136232376099
5.841016054153442
5.079586505889893
6.941381454467773
5.751986026763916
5.838359355926514
6.1012208461761475
5.557739973068237
7.137876510620117
5.255756378173828
5.337930202484131
5.418412923812866
6.453538417816162
8.054360389709473
5.518852472305298
5.387891054153442
5.238480567932129
5.266242027282715
6.709309816360474
5.363243341445923
5.450575351715088
5.4142022132873535
4.92559027671814
