0.09409722543091743
0.0271329687932482
0.020890011161856063
0.017252911027375754
0.016320330860875386
0.014894792576243867
0.013846720935720386
0.01357857592694171
0.012920248011747995
0.01251432808817594
0.012255073311331468
0.011853610016244314
0.011683338638233802
0.011244428934714883
0.010742743848319048
0.010512315267011588
0.009975287254931993
0.009855951283336719
0.00955176360510064
0.009100825797959969
0.00906991468161925
0.008867412908365587
0.008587247057055885
0.008461533652545957
0.008341412396609654
0.008130606017942294
0.008032742756705135
0.008059300962045338
0.007900106045316695
0.0076276680345755896
0.007447147677406604
0.007308406688805137
0.007360705234981202
0.007297973696835888
0.0071424388798413336
0.007146855727547691
0.007035473946207788
0.006791978064537435
0.006832799644439252
0.006779023907772261
0.006591094097372515
0.006723153211369917
0.006580454349775851
0.006853525286935495
0.006498810254617945
0.006348559001936412
0.0062210015847762945
0.006342444032656424
0.006279216819237192
0.006110636614166297
0.006050190839964848
0.006090575313090762
0.006565902404309739
0.006470031413406908
0.0060967790765195954
0.0058781387066686305
0.005928139984446429
0.005829151554508901
0.005727487763398009
0.005729092702317935
0.005641356574218252
0.005596678681849014
0.005799278582635767
0.005530915386345867
0.005521841500422139
0.005487789308200731
0.0055118765857360965
0.005429692048321426
0.005363175403568652
0.005381737436567034
0.0052854472023406715
0.005322474038865401
0.005692785809389054
0.005246135100794884
0.005216470265406228
0.005287147123060185
0.005169541464142856
0.005321805786696218
0.005078186820265212
0.005187949872257196
0.005142193779478342
0.005143434602517264
0.005056004086307762
0.0050639650578816215
0.005064631315367498
0.004973274445991754
0.004939258810197249
0.004912063999512753
0.004779384986525683
0.004877075382601067
0.005048804151426468
0.004840949274099621
0.004972344955824541
0.004905767857754257
0.004730074375150201
0.004666758460311211
0.004754604605425682
0.00486734847929248
0.004743760118051331
0.004655724770320958
0.0052068514852216105
0.0047367862445903035
0.0047203731910603775
0.005014419805629429
0.004574835383095396
0.004497069057109423
0.0045680211538456994
0.004602224375544624
0.004521911783401907
0.004539354175159877
0.0045008584685639775
0.004660441881868166
0.004470081015155365
0.004639241497689512
0.00489744769502028
0.004438608528005999
0.00441868300146516
0.004303524730267462
0.004321935871874035
0.004352980731780846
0.0043098238413726096
0.004212691107950298
0.004303349801883488
0.004265681780003882
0.004312220317799421
0.004269836317280154
0.004159431843070951
0.0043198661122761375
0.00423435727335932
0.004134063789362967
0.004087934375325323
0.004171965865507012
0.004171958292967507
0.004159354868856989
0.004518733444538983
0.004113959584957658
0.004077387150191577
0.0040124446623333735
0.003932723451962138
0.004205515735190023
0.0040747506858466506
0.004024556892403922
0.003995654676149869
0.004002043362545632
0.0039944884204003335
0.004012440949138173
0.003978872515495012
0.003885046973042351
0.003940604032456746
0.004052103235027491
0.003902840648789878
0.00429393796883201
0.003817462982222825
0.003870303379734615
0.003768308309926873
0.003910042892827035
0.0038050989160773817
0.004119553670762873
0.0037676318461938208
0.0037712399662347324
0.00371431878937239
0.003829539016703571
0.0038269383377230273
0.003735833533221122
0.0038042407527211167
0.0037277336312998167
0.0038123942964037
0.003752800329584322
0.0037916291765142957
0.0036652616539655566
0.0038349345544135415
0.00369528430066519
0.003660341144188658
0.0036980916032349907
0.003683978190758463
0.0036211823449909556
0.003747732931893174
0.0036865236425119175
0.003612282910702742
0.0036073229527625044
0.003619028665568857
0.003592738425117228
0.003609463152197468
0.003572674577015561
0.0035500315177250347
0.003584509937181359
0.003521804375275647
0.00375152889989897
0.003715913234786554
0.0036165105174920517
0.00363368500483694
0.003484025548184008
0.003545593696110176
0.0034755481572345997
0.0035398792902822103
0.0035309513186173136
0.0035599039099481586
0.0034750540281174246
0.0034451344830600857
0.0034310639386359617
0.0034630459438993303
0.003723153823309324
0.0035970227740446986
0.0035099825777468226
0.0034325686676500294
0.003429737692956865
0.0034052870433890457
0.003513679983803914
0.0034410051066122013
0.0033592940257757384
0.0037100357860246134
0.0036967627228402986
0.003365564906921286
0.0033452764024466146
0.003395188958646157
0.0033455861407811894
0.0033384748811136076
0.003594989100172793
0.003383061458513915
0.00338893200198261
0.0033257448888541043
0.0032802865955398066
0.003330605664971845
0.0032700805822024484
0.0032505848892516905
0.0035895368545941072
0.0033927594162362477
0.0032736557299972743
0.003301470887190078
0.003230717469579278
0.0032036004606150574
0.0033046700336538995
0.003310719942391822
0.003275814897570259
0.0032237669346184827
0.003199178234621624
0.0031879888020971896
0.0031559765510244934
0.0032636384949394507
0.003263434655238669
0.0031982975058434974
0.0032573514930436236
0.0032869351078308635
0.0031670561015960715
0.003165732878683643
0.003234954829049575
0.003262200223451311
0.0032003928969706937
0.003180721279806195
0.0035416859814905244
0.003106597273759705
0.003143782950171725
0.0032115626527859276
0.003121087882966126
0.0030875069419833232
0.0030606686272678565
0.003457225447931847
0.0031719921636536265
0.0031632198206274025
0.00307806817314777
0.0031398548109626227
0.0033103026272285553
0.003104110521534498
0.003102820510754273
0.0031289967740543217
0.0030820149710619606
0.0031969865786064884
0.0032089881828756303
0.003068684452128681
0.0030457890024045845
0.0030471008508849194
0.002981984324640397
0.003009076410646498
0.003258935921700486
0.0030965149569933937
0.0029848521147971545
0.0030387500301003456
0.0030562373047525234
0.0029958373215855844
0.003067828296558746
0.0030802199254175286
0.003007965312577236
0.0029666163884022666
0.002997398053928887
0.002944287715995789
0.0030793601957460246
0.003015412673862143
0.0030264507977138737
0.003016728922942436
0.002959425455297936
0.003211187578745799
0.0030434695737702505
0.0029651764921392455
0.0029161290781677287
0.0029254638624188057
0.0029276630073156837
0.0029929697138632275
0.002926450597678686
0.0030612642070463984
0.0030243539874284684
0.002975491438972163
0.0029282197023608853
0.00297408628285544
0.003229314926003803
0.0029345417477883947
0.0031878830304619297
0.002955184420933584
0.0029250588751845545
0.0029199559400785407
0.0029067966484291343
0.0029874827261223936
0.0029253272482826984
0.0031373349252233514
0.002941568433488538
0.002967547924656953
0.002903919169090656
0.002951613326004638
0.0029777378928383964
0.0028850884011491036
0.0028670990881933408
0.0028442786482376454
0.0028505495354307422
0.002828544882646242
0.0028482360837908532
0.002937534806878987
0.0028749894364878082
0.002911048936274596
0.0028311169688142353
0.002816188573490554
0.002839874021620268
0.0028901712785503178
0.0028384791090439406
0.0032790012857211487
0.002893848293279479
0.002959257215503361
0.00287108002351476
0.002851405656731232
0.0028237319396187863
0.0028383816971375053
0.0030034005075483482
0.002922015685942911
0.0028143208846853024
0.002792116351328887
0.002813378700712349
0.0028516466001621186
0.0027992772946368047
0.002766384371229774
0.002868559038129462
0.0028387637893584642
0.0028266973604016746
0.0028211898039381352
0.002780777864859669
0.0028056402466949317
0.0028177962186887407
0.0029421058529786348
0.0027903295132166253
0.002768103965634714
0.002730874451546571
0.0027994778021379852
0.0027807344646229373
0.0028545463556480227
0.002822594319014645
0.002764149560911573
0.0027497539597107863
0.002799056036986443
0.0027565314581625778
0.0027624250730314166
0.0027471282277498153
0.0027688192062531457
0.002765749048973833
0.002760085417360906
0.002845172013369796
0.002957812338075661
0.002771588834607369
0.0027192759466684096
0.0027120842777789284
0.00296510073348267
0.0027980109287659713
0.0031175971982670037
0.002764168977576159
0.0027557058608586784
0.002706895038098484
0.0026805757149828205
0.0027116233870000035
0.0027030457770734124
0.0026834635719157015
0.0026735845243646985
0.0026913669526786644
0.0027374667972245646
0.0027270613679686536
0.002789432986224175
0.00272082109850916
0.0026985821162967324
0.0026646623926164653
0.0026866870426302735
0.002684000918835208
0.002611226470762001
0.0027079926078002175
0.0027034964837795083
0.002701818425958226
0.002689440187381266
0.002678341591061452
0.0026962288334820565
0.0026790853226920227
0.0026883634666053507
0.0026708422490754427
0.0026363892938328897
0.0026340050606694057
0.003034752579930025
0.002611453239745521
0.0026274420294781654
0.0026744194137279216
0.0030708836292791548
0.0027694368817605627
0.002700041082498186
0.002698394092952921
0.0026493407574228263
0.0025864979816657124
0.0026233143191300816
0.002628329224094297
0.002666312933081027
0.002703095330691441
0.002643108106867382
0.0026782548288891324
0.0026761583179574122
0.0026451716132994208
0.0026519436508142973
0.0025831638266900917
0.002699395071199059
0.0026332962999999266
0.0026019622956793675
0.0025707020855698236
0.0026062272218947027
0.0026024381077779835
0.002620913854848545
0.002699336518827842
0.0026185159920210834
0.0025691404662526404
0.0026500827493750817
0.002568635816919694
0.0025782371615160468
0.0026761400513350964
0.002612617819316008
0.002583564258103956
0.002607627437163741
0.002566080963747068
0.002563876082245825
0.002554122878649792
0.0025692545321016084
0.0028428492464883117
0.0026137419548933898
0.0025159604655925457
0.0026455077829516745
0.0025652272221571826
0.002823070896128233
0.002674269729830099
0.0026182696844140687
0.0026407048002377283
0.0025884413787312967
0.002541493902636039
0.00258821217157753
0.002645466991728454
0.002615858576949928
0.002770216568086893
0.0025932252053292347
0.002507071553535953
0.0025148421568288045
0.002517682006300399
0.002501957207208588
0.0025781741485733428
0.002598532758757988
0.0025378314645162652
0.002515591851846835
0.0025720443547344505
0.002544971487839662
0.0025274316332750506
0.0025434779775332966
0.0024586635978400577
0.00250566121517354
0.0025132585581980676
0.002525409655867233
0.0025665792273720364
0.002493309662415287
0.002499799605950842
0.002516064578183479
0.0024767814922747222
0.002487233462461242
0.0024856271431882146
0.002915294591974451
0.002597040885825565
0.0025659920929959326
0.002526944658408562
0.002578329801402212
0.0024770391838891165
0.0024662610340976353
0.0024982776242868723
0.0025261447863709745
0.002519971624548946
0.0025267195746754155
0.002469990599005447
0.0026239455154455906
0.002490740814709883
0.002479455216074145
0.002501143256476496
0.0025568641248477613
0.0025120509336843634
0.0024906299465025463
0.0024472217915128126
0.0025048362357275827
0.0024420792832607766
0.002462112205707795
0.0024370413089122673
0.0024462050493217974
0.002480454444562718
0.0024721685558097895
0.0024635079044655157
0.0025009348730504256
0.002502967985004219
0.0024108430844413126
0.002573952493076394
0.0024651973195841687
0.0024979556058997137
0.002446109039438848
0.0024411461948017988
0.002553129709805503
0.002437845803797245
0.002436283675478005
0.0024640866891920436
0.002437183329557347
0.0024236580765165097
0.002469273762841955
0.002454961121416937
0.0023887951473314396
0.002388972189333854
0.002426150053320251
0.0024060315131995973
0.002393331041547482
0.0024875953256301743
0.0024152955149191542
0.0024473119645028727
0.0028282616497118237
0.0024481515200542553
0.002415097736878506
0.002468719611295148
0.002441457977711961
0.00245161535313103
0.0026415514818179013
0.0025525206339130284
0.002407671215448093
0.002802662370984495
0.00247281155290961
0.0023792919227087392
0.0024553779583198557
0.0024024401781314506
0.002470274976942511
0.002485115485753687
0.0023580828653366275
0.0024190349615223353
0.0024179863175014396
0.0023872352399746384
0.002458021701394189
0.002401256590105948
0.0023783771230464243
0.0024307511113906576
0.00241571482325384
0.002415349851140664
0.002484176855723805
0.0023787426837877214
0.0023932990883134336
0.002749950847249817
0.002505551660292302
0.002378537319600582
0.0023680338323583978
0.002430852876524582
0.002459471171935496
0.0023707528528051844
0.002733647752779
0.002450762811979658
0.002445586103325089
0.0023954000366343694
0.002373403664960554
0.0024151171389281815
0.0027170404131641184
0.0023993070457066163
0.002393066327720558
0.002316178972691749
0.0023786433099555375
0.0023699637438932605
0.002357674053531479
0.002379902039787599
0.0023825806716771484
0.002698997750745288
0.002416279937495433
0.0024085468219520595
0.0023529084033465813
0.002358534961467149
0.0024008086446100176
0.002424082973794568
0.0023782746911702023
0.002368179006800378
0.002373540119340571
0.002341649450212556
0.002288978864354166
0.0023629191342652554
0.002406243266118489
0.002333340641752176
0.0024329696104607797
0.002317648901587989
0.0023645836677507084
0.0023290016325553517
0.002686087448286997
0.002341796945401536
0.002301164557028449
0.002349387026327416
0.0024247237847053577
0.002338464989214007
0.0023482679147515204
0.002256577983155879
0.002354353487902841
0.0023102066469544067
0.0023281701524979818
0.002624011485639847
0.00241546042301809
0.002384268767926116
0.0023362480327728894
0.0023003294741436517
0.0022898455134298637
0.002359496433594268
0.002344215473208528
0.00254494487358362
0.002326126370651575
0.0023602935499652767
0.0023268458465702862
0.002341117466461252
0.0023476300681477564
0.002277841529450117
0.0023241632978847145
0.002305623623683597
0.0022781150595958294
0.002251849118700791
0.0023062533065999224
0.0022940881362838016
0.002542555074659035
0.0023393528243663892
0.0023582104081489564
0.0024174737962753034
0.00232711262412337
0.002326161755869786
0.0022853128506209364
0.002400660075981057
0.0023074184526241832
0.002277942943322226
0.002347399879275172
0.0022959089611185256
0.0023496786310857574
0.0022928696150943894
0.00225844153594145
0.002466519345081859
0.0023119887281652716
0.0022800176911402766
0.002292226158380831
0.002321736684504461
0.0022659284204800986
0.002293563913049991
0.0022756703060878305
0.0022593269268760367
0.002395805044027118
0.002302624169813703
0.002354555085474762
0.002276590852433759
0.002364321292813432
0.0022311847786987563
0.0022825827550957407
0.002244576420715619
0.0022665068211872533
0.00231359346650815
0.0022517928583507154
0.002343139752294078
0.0023320635742390956
0.002242222613276051
0.0022434103862055904
0.0022812094287422697
0.002249821344717079
0.002230748694462629
0.002342208532527799
0.002267779238638972
0.002314431592822075
0.0023005481348756006
0.0023549252494089144
0.0023833026830308557
0.0022835493046443637
0.0022843024381980687
0.0022639498559080744
0.0022405133752990917
0.002276397899833399
0.002260288135934766
0.002374000335313799
0.0022616671878054285
0.0022483274433358663
0.002270925296188304
0.002253739293301841
0.0022594157220328075
0.0022922182537300825
0.0022496006903097486
0.0022459009776166056
0.0022624691603584336
0.002455164793298229
0.002557908677701633
0.00229212160079107
0.0022296048327877277
0.00228511073195186
0.002204994768815446
0.0022232889321741538
0.0022640614881224578
0.0022469569547948513
0.0023720771814111892
0.0022273616073048346
0.002242593517531016
0.0022107844893090845
0.002219999300263564
0.002236442335022541
0.0023279138417406516
0.0023146696767701214
0.0022146376469716817
0.0022579788475285295
0.002172135189578776
0.0022358345729601267
0.002232075171460482
0.0022408540312249163
0.0021972064784570753
0.002261156560470112
0.0022190114149614137
0.0022323374778588675
0.0022199149072186382
0.0022635892677640955
0.0022098846653944033
0.0022016142170424714
0.0022384976480333578
0.002246630232926313
0.002233272469783952
0.00221783501696793
0.0022256271364328602
0.002222899396428072
0.002325896868175823
0.002260865704599945
0.0021456759342383513
0.0022237565513555106
0.0022662358788886304
0.0022243756132635786
0.002262241301304173
0.0022166672679777076
0.002179758425689105
0.0021870942762145748
0.0021724372999379774
0.0021913748529832407
0.002217192858461597
0.0022305114349971213
0.0022154078935776953
0.002281759594450201
0.0025653749073399996
0.002246146295441403
0.002201834514140438
0.0021929748167860367
0.0022084412580251176
0.0022477138136388548
0.002238177075514417
0.0022296318441661664
0.0021923787300212882
0.0022578317222479746
0.0022034113027268286
0.0021984642351376804
0.0022200619407780307
0.0022251823860587497
0.002150419594022522
0.0022048511803432398
0.0021890582682089115
0.0022242126187099974
0.002235434150617586
0.0022705123115742167
0.0022264592293085475
0.0021718160513369165
0.0021792438457764332
0.0022092362330597523
0.0021569426957663003
0.002171707589550194
0.0021560535543432937
0.0022040241210443245
0.002180788287030154
0.0022108450726489033
0.002522243625782753
0.002229061784037264
0.002227089010497547
0.0023101694101782203
0.002214196592154086
0.0021710321927056104
0.0021317106559751676
0.002108173369776732
0.002208513277280447
0.0022475279921069097
0.0025629562394314516
0.0022233613006754486
0.002240035480827706
0.0022162668814164994
0.0021685350220650434
0.0021982432864162895
0.0021704743264517163
0.0021532796624668944
0.0021913927769111026
0.002188029586643916
0.0021795687569079528
0.0021086888104572374
0.002146134271943595
0.002145669043056054
0.002167855323397139
0.002496505424267415
0.002580454474762566
0.002186401177689562
0.002115242376226077
0.0021363318478487014
0.0021292248829489664
0.002159387997081463
0.0025097588203178145
0.002255426392713118
0.0021576200565524817
0.0021480244299138846
0.0021339899752474516
0.0021156613262434737
0.002153699020693861
0.002172254939116054
0.0021901926090255445
0.002120961323763482
0.002162347236261159
0.00218754001385109
0.002117235111213769
0.002170152073218064
0.0022552285930020856
0.0022464873540332113
0.0021254807545347905
0.0023390973522025463
0.0022402643730049525
0.002164233791907983
0.0021613717580101256
0.00209803029328375
0.0021911371671655155
0.0021484785988418894
0.002100600352010879
0.0020735502304525407
0.002167538813823326
0.002185261329067508
0.0021659917857304407
0.0023935228612402947
0.0022662766751514758
0.0024442282712965947
0.002168321029033141
0.0021027853355634137
0.002151742022690158
0.0021363948809499027
0.0021614677658772247
0.0021132404862568427
0.0021131874810001164
0.0021548925851596706
0.002163765132044204
0.0021695540829872093
0.002472324332109455
0.0021981787313485428
0.002150014545304854
0.002087625539841461
0.002106440396177143
0.002108564203226076
0.002105735040781818
0.002087370371063002
0.0020949611726551604
0.002117992160555572
0.002110315746329402
0.002472055184421053
0.002212765038485167
0.002108378556569095
0.0020942641245765667
0.0020914954955798463
0.0021260080292611282
0.0021220754813886696
0.0020919324970276004
0.0020594145257017893
0.0020828737813810057
0.0021085888893218525
0.0020845326936694904
0.002195083453557837
0.0021742634849171295
0.0021471725580246223
0.002079771621983289
0.0021223422987547854
0.0021099540096550405
0.0020871783452495545
0.002105298988799286
0.0021264258861840094
0.0020487060482125906
0.0021985933281384504
0.0021367538236565405
0.0021370422282534374
0.0021917119635333554
0.0021201887115578117
0.0020814752070136464
0.0020659319775227407
0.0020784257384000985
0.002138108826943903
0.0020909440961718816
0.0021074896293301216
0.0021340773305835534
0.002134940858115946
0.0021013421191958897
0.0021417192173355712
0.0021309806563129478
0.0021149068728121586
0.0021159195409708727
0.0020696246972331752
0.0020499723248820737
0.0020898655213181785
0.002098979927333338
0.00207672339866091
0.0020600242995822324
0.002080017106115689
0.0022087402921976335
0.00212080596676056
0.0020774396124307987
0.0020934027293092244
0.002120760331954404
0.002037772018809146
0.002065031245467757
0.002054279968969008
0.0020925669504523086
0.002189164509537158
0.0021338168812867304
0.0020681323137868085
0.0023589559086876644
0.002132316180444383
0.002081439254333737
0.0020648006176438942
0.0020519438591781697
0.002144222534301961
0.002133076815478891
0.002086943578382236
0.0020307808191197003
0.002066596552782019
0.0020290693334702936
0.0020719015959738975
0.002216568210129969
0.002083203877278027
0.00205099956864225
0.0021022058251309833
0.0020415432372198994
0.002057419372702348
0.0021891530207055923
0.002102318961673227
0.002068730162908182
0.0020878811636979963
0.0021563486797831857
0.002049289537932385
0.002051889325403387
0.002038055955275119
0.002077949901607323
0.0020802336970739293
0.002046992996247945
0.002115380933641323
0.002065403785080814
0.0020646153086417425
0.002185369800429517
0.0021235758874129937
0.0021077788992305145
0.002092412635643696
0.002046991925831739
0.002072127372151426
0.0023495354735014306
0.0021087488293591323
0.002068743983069959
0.0020413720774669925
0.0021887768535709486
0.0020972195749666975
0.0020528074804475748
0.0020978463102067574
0.0023761288392925997
0.0021857280965523543
0.0020275793917219104
0.002085123356790544
0.0020478298883578735
0.0021233038857853387
0.0021326458701476842
0.002080393032860253
0.002062446352102475
0.0020114394928856844
0.0020959874724937014
0.002061062246496543
0.002060058636054622
0.0020276100709389296
0.002034222568562698
0.002041171929291026
0.0020606509592279274
0.0020775916755352637
0.002041071655885901
0.0020857957298605345
0.00200213259539579
