Total time: 7929.86 seconds
CPU Usage (%):
25.9
49.4
48.0
47.8
50.1
45.3
51.3
49.5
53.5
49.0
41.8
48.9
51.3
51.0
49.8
43.9
48.8
48.7
49.2
50.8
45.8
55.1
53.5
57.7
65.4
71.0
79.0
80.8
75.8
77.7
61.7
79.7
78.1
75.8
78.7
67.5
77.3
77.0
76.9
76.5
64.9
76.4
75.0
77.5
84.3
69.5
79.7
80.5
75.8
77.5
67.4
76.3
78.3
74.0
77.7
67.3
79.0
81.4
76.0
78.6
67.4
79.1
77.0
77.8
77.2
71.1
74.4
77.0
78.5
79.3
73.3
70.6
75.3
77.6
76.8
73.6
66.8
73.9
75.3
76.6
70.8
71.6
80.8
76.2
74.5
71.3
67.5
76.5
79.6
71.7
72.8
71.7
74.9
76.4
78.2
70.2
68.3
75.0
75.5
76.4
72.9
75.4
72.8
74.8
77.8
73.3
77.8
74.6
78.0
75.7
69.9
75.7
70.7
80.1
81.3
70.4
77.2
76.4
74.4
82.9
73.5
74.6
77.8
70.0
76.7
74.2
76.7
75.6
70.0
79.6
76.2
73.8
76.9
68.6
78.3
73.9
79.6
76.0
69.3
78.4
70.7
81.5
81.0
77.8
72.4
74.3
76.1
77.6
79.4
69.4
72.4
76.7
81.5
79.7
74.8
75.7
76.1
76.4
72.0
72.3
66.6
77.1
75.7
74.6
76.5
63.5
77.3
75.7
77.5
71.1
70.1
75.9
79.7
77.8
80.1
66.4
74.3
83.9
75.0
75.9
65.4
80.4
85.3
78.6
81.9
69.9
83.1
77.7
77.2
75.5
64.2
80.1
78.3
78.3
78.9
69.7
69.7
72.0
76.8
78.2
70.7
68.4
78.0
78.0
79.3
74.0
72.2
75.3
71.9
75.9
71.4
71.6
80.1
75.9
78.8
70.5
70.3
77.3
75.9
73.1
72.5
71.2
80.4
76.9
75.5
69.3
74.9
72.6
74.1
79.4
71.4
79.2
68.1
77.0
74.2
74.3
74.7
70.5
79.8
77.4
69.1
76.5
69.8
77.0
78.7
70.2
77.3
74.9
73.0
73.2
71.9
79.4
75.1
71.0
78.4
74.4
73.2
80.2
74.6
79.1
73.5
79.9
79.2
70.2
76.6
70.1
74.2
76.8
71.0
76.1
71.4
80.4
76.0
73.5
76.5
72.3
77.1
75.3
77.8
73.4
71.6
81.3
77.2
76.1
72.2
72.2
75.9
78.3
74.5
72.3
70.9
79.3
79.2
81.0
69.0
71.8
78.1
76.7
78.1
73.9
73.0
78.1
78.0
77.5
70.3
70.5
75.8
77.2
76.0
71.2
70.8
76.8
74.9
78.1
72.4
68.0
74.8
76.3
73.1
69.9
73.2
75.1
78.4
77.3
69.5
69.3
76.1
74.0
77.2
73.0
73.1
76.1
78.1
79.2
74.3
66.7
78.8
77.3
74.0
75.9
66.8
76.1
76.8
78.1
78.9
70.2
81.3
77.4
80.3
80.0
68.9
76.7
76.7
76.8
78.9
68.3
75.6
79.6
72.8
76.4
68.1
73.9
79.9
75.6
78.2
69.9
74.5
75.8
78.8
76.3
69.3
74.6
74.9
77.4
76.4
66.1
69.4
76.5
77.1
75.8
72.0
74.7
76.7
76.2
77.4
71.3
73.2
76.1
75.3
77.2
74.7
69.9
75.8
72.3
76.2
72.4
69.7
73.6
74.3
78.6
73.5
76.1
71.9
78.3
77.0
73.0
76.3
70.2
77.8
80.6
74.5
77.4
69.2
77.8
76.3
71.0
78.7
69.8
76.1
78.5
74.9
77.9
69.6
74.9
77.9
74.1
79.4
75.1
79.7
78.9
71.0
77.9
72.0
78.6
77.0
76.4
75.7
76.2
65.3
76.4
73.5
79.1
74.4
76.0
76.3
72.3
76.0
72.5
72.1
74.5
72.2
79.4
77.3
67.4
78.8
75.5
77.4
77.2
72.8
73.4
70.9
77.5
77.3
72.8
73.5
71.0
75.7
79.5
79.2
69.5
69.5
77.9
73.6
77.1
69.2
72.2
77.5
76.2
77.0
68.6
74.1
77.1
75.4
76.2
76.7
67.0
77.7
77.3
76.9
80.7
62.0
79.4
76.3
74.6
75.3
68.4
77.8
77.4
75.0
75.2
66.9
76.0
75.0
75.4
75.1
62.4
73.8
78.2
71.4
76.4
71.6
76.0
77.5
75.6
73.4
67.9
72.7
83.3
75.0
79.8
68.4
78.1
76.5
78.5
78.3
71.2
68.9
77.8
78.1
75.1
70.3
70.5
75.2
73.2
77.9
69.5
67.5
78.4
74.1
74.0
71.6
69.9
78.9
76.2
75.8
72.6
73.8
77.0
76.2
76.7
75.1
77.9
69.9
77.0
78.5
71.9
76.8
69.9
76.1
78.6
75.4
76.1
72.9
75.1
76.4
71.6
78.0
70.4
73.6
79.5
73.8
76.3
75.2
70.7
79.4
71.8
77.4
77.7
66.9
75.8
71.1
74.6
77.5
71.6
76.3
67.8
73.6
75.0
70.7
76.0
72.5
72.4
75.0
70.6
74.9
68.7
76.1
79.2
70.9
79.8
68.8
78.3
70.5
73.4
77.2
70.7
75.6
74.7
70.4
74.8
71.8
79.8
76.0
73.1
77.9
71.8
78.4
78.0
70.5
75.0
73.3
76.3
77.2
72.0
75.6
69.2
73.5
73.7
72.6
73.8
69.5
77.1
76.1
73.2
71.7
69.6
73.3
78.4
73.7
72.5
70.7
71.7
77.5
74.5
68.5
71.9
73.4
75.7
68.8
71.1
71.2
77.2
78.6
75.9
71.9
73.8
77.6
77.1
77.5
67.5
67.4
78.2
79.5
75.0
77.4
68.7
74.7
78.7
75.5
77.8
65.6
77.2
77.4
81.1
77.4
66.8
76.4
76.0
79.3
79.0
66.5
76.3
76.3
76.6
76.0
64.2
77.3
79.4
77.7
74.1
69.3
72.4
76.4
77.8
78.0
67.6
73.9
77.6
76.6
77.9
71.9
73.3
72.3
78.0
74.5
67.1
69.0
77.9
71.4
76.5
69.1
70.5
77.6
71.9
76.5
71.1
65.4
77.5
79.0
76.8
73.2
66.8
75.4
76.8
75.7
72.0
70.5
77.6
76.4
80.3
69.7
68.8
76.3
75.0
76.9
70.8
69.5
76.7
75.7
78.9
73.5
66.7
77.4
77.2
76.2
69.1
72.9
76.1
75.7
78.1
73.0
73.2
76.1
80.2
77.7
71.1
73.3
74.8
78.1
79.5
73.3
77.5
70.6
78.6
78.1
74.8
76.5
74.5
70.4
76.5
74.0
77.8
79.2
70.3
80.4
74.7
75.0
80.7
69.2
75.4
73.5
73.7
76.5
69.9
74.8
71.0
76.0
72.5
70.3
75.6
71.9
77.9
75.8
77.5
71.5
71.6
79.8
76.3
74.1
72.0
71.7
71.8
75.7
75.7
67.9
67.7
76.2
76.8
78.2
70.4
72.2
77.2
75.0
74.2
68.5
71.5
76.5
80.0
79.3
71.4
72.2
75.0
75.2
78.0
71.6
69.1
75.8
78.3
76.7
73.9
66.9
76.4
73.1
76.2
71.9
68.0
73.8
77.2
77.8
77.9
67.1
76.9
77.0
73.0
77.7
66.8
76.4
74.2
75.7
74.5
65.6
77.9
77.6
76.0
76.0
68.6
77.5
77.2
78.6
77.1
62.9
75.2
77.7
77.2
76.6
69.1
76.8
79.2
80.0
77.0
68.5
73.9
75.9
76.3
75.7
65.8
76.6
77.5
77.0
75.5
73.7
74.6
76.8
76.4
76.0
69.9
69.4
78.1
77.1
77.8
71.1
68.8
81.7
79.0
75.7
71.2
71.2
78.1
78.6
75.6
73.0
66.7
80.1
75.4
80.3
71.8
74.0
76.9
77.4
74.9
72.9
74.2
79.6
72.6
75.0
69.8
69.8
72.8
75.9
77.0
74.8
70.6
74.7
76.2
77.2
69.4
71.4
74.7
78.6
78.1
71.6
73.8
70.2
75.1
75.5
72.1
73.8
72.8
80.1
78.6
72.4
77.4
68.6
73.3
75.7
72.6
76.8
72.4
76.9
73.1
73.3
79.8
70.9
74.4
71.8
74.0
70.5
72.1
81.2
75.6
72.7
73.9
68.7
78.0
76.6
74.0
73.3
71.0
73.9
73.6
69.2
70.5
70.9
74.7
74.2
68.2
76.6
71.6
74.0
76.5
70.8
78.8
73.4
71.2
75.4
72.3
78.3
72.1
70.0
77.7
72.5
76.0
78.6
72.5
76.3
72.8
78.6
77.5
72.8
76.3
RAM Usage (GB):
38.43331527709961
38.475494384765625
38.43948745727539
38.50560760498047
38.42365264892578
38.45637893676758
38.45995330810547
38.41161346435547
38.46399688720703
38.41652297973633
38.42025375366211
38.485572814941406
38.381500244140625
38.495765686035156
38.49961471557617
38.52003860473633
38.5043830871582
38.52626037597656
38.522705078125
38.47394943237305
39.01167678833008
40.577064514160156
42.01203155517578
44.07939910888672
45.047367095947266
45.130104064941406
45.088104248046875
45.05282211303711
45.13010787963867
45.13821029663086
45.14197540283203
45.15757369995117
45.276939392089844
45.25727844238281
45.23056411743164
45.28803634643555
45.38154602050781
45.32258987426758
45.24762725830078
45.3153190612793
45.32898712158203
45.35453796386719
45.33183288574219
45.31447219848633
45.298919677734375
45.252784729003906
45.280418395996094
45.357261657714844
45.32461166381836
45.319610595703125
45.37794876098633
45.33574295043945
45.30354690551758
45.27552032470703
45.2984504699707
45.34596252441406
45.501495361328125
45.71939468383789
45.725582122802734
45.674556732177734
45.713863372802734
45.76158142089844
45.7802848815918
45.804588317871094
45.650779724121094
45.6195182800293
45.674678802490234
45.69255828857422
45.24059295654297
45.253082275390625
45.245548248291016
45.3460693359375
45.302947998046875
45.30733108520508
45.39169692993164
45.383853912353516
45.374629974365234
45.32355499267578
45.2630500793457
45.29771423339844
45.27874755859375
45.564239501953125
45.2947998046875
45.28721618652344
45.28094482421875
45.31489181518555
45.30104064941406
45.256591796875
45.26398468017578
45.30630111694336
45.29237365722656
45.35132598876953
45.324005126953125
45.277408599853516
45.30384826660156
45.303924560546875
45.27647018432617
45.299224853515625
45.27153015136719
45.27342224121094
45.29159927368164
45.28018569946289
45.358516693115234
45.39297866821289
45.38331985473633
45.37815475463867
45.34559631347656
45.3481330871582
45.39681625366211
45.39677429199219
45.42403793334961
45.449951171875
45.40189743041992
45.410274505615234
45.38172912597656
45.394893646240234
45.33635330200195
45.34725570678711
45.48405075073242
45.33450698852539
45.336639404296875
45.36369323730469
45.3193244934082
45.386741638183594
45.37566375732422
45.40853500366211
45.39338684082031
45.44267272949219
45.3786506652832
45.328731536865234
45.34765625
45.32674789428711
45.34178924560547
45.338951110839844
45.34919357299805
45.37416458129883
45.33037185668945
45.334205627441406
45.32640075683594
45.323814392089844
45.353248596191406
45.340232849121094
45.292930603027344
45.27021789550781
45.302024841308594
45.26740646362305
45.2490234375
45.32828903198242
45.2174072265625
45.31106185913086
45.29355239868164
45.329673767089844
45.2804069519043
45.396671295166016
45.289974212646484
45.249183654785156
45.24868392944336
45.248313903808594
45.24989318847656
45.230995178222656
45.311988830566406
45.33351135253906
45.28506088256836
45.30936813354492
45.3352165222168
45.37689971923828
45.4035758972168
45.38304901123047
45.4119758605957
45.42597961425781
45.3839111328125
45.3735237121582
45.3200798034668
45.36129379272461
45.2830696105957
45.42431640625
45.43471145629883
45.43201446533203
45.42546844482422
45.44110107421875
45.41417694091797
45.46543502807617
45.45838165283203
45.515907287597656
45.48386764526367
45.51781463623047
45.476905822753906
45.492366790771484
45.48133850097656
45.4312858581543
45.439170837402344
45.74291229248047
45.96798324584961
46.01742935180664
46.05342483520508
46.125518798828125
46.098052978515625
46.05051803588867
46.107147216796875
46.088836669921875
46.1202392578125
46.16276931762695
46.20061492919922
46.200439453125
46.92152404785156
49.51361083984375
51.32704162597656
45.41776657104492
45.42812728881836
45.46403884887695
45.31916427612305
45.354209899902344
45.350120544433594
45.3288459777832
45.37113571166992
45.316436767578125
45.34757995605469
45.31034851074219
45.27136993408203
45.27192306518555
45.27717208862305
45.21357345581055
45.33609390258789
45.284210205078125
45.33310317993164
45.313575744628906
45.344730377197266
45.37376022338867
45.384727478027344
45.40257263183594
45.359107971191406
45.304725646972656
45.34197235107422
45.36322784423828
45.3359489440918
45.31452941894531
45.27993392944336
45.28389358520508
45.300357818603516
45.30166244506836
45.330955505371094
45.324058532714844
45.29521942138672
45.31449890136719
45.3144416809082
45.290138244628906
45.288360595703125
45.25469970703125
45.29140853881836
45.28010940551758
45.28017807006836
45.294227600097656
45.27202224731445
45.30673599243164
45.29994583129883
45.30585861206055
45.29695129394531
45.24617004394531
45.339542388916016
45.373451232910156
45.40335464477539
45.36533737182617
45.271236419677734
45.30674362182617
45.367591857910156
45.33013916015625
45.3289909362793
45.31675338745117
45.31838607788086
45.27008056640625
45.322994232177734
45.35597610473633
45.35476303100586
45.32523727416992
45.35772705078125
45.379817962646484
45.3647575378418
45.33794403076172
45.293914794921875
45.32169723510742
45.261295318603516
45.36807632446289
45.33391189575195
45.319129943847656
45.31694793701172
45.30207443237305
45.3165168762207
45.31666564941406
45.330841064453125
45.338382720947266
45.32793426513672
45.32514190673828
45.30458450317383
45.3268928527832
45.338504791259766
45.379390716552734
45.349918365478516
45.36062240600586
45.32292938232422
45.34463119506836
45.35429382324219
45.3031120300293
45.375030517578125
45.318119049072266
45.31986999511719
45.335723876953125
45.43970489501953
45.36226272583008
45.338356018066406
45.31882095336914
45.386104583740234
45.358917236328125
45.38136291503906
45.34237289428711
45.3375358581543
45.38037109375
45.38127136230469
45.38026428222656
45.346675872802734
45.35719299316406
45.33524703979492
45.41145324707031
45.433067321777344
45.43497085571289
45.3474006652832
45.31338119506836
45.34262466430664
45.334320068359375
45.333126068115234
45.414817810058594
45.355831146240234
45.36962890625
45.351661682128906
45.286338806152344
45.31181716918945
45.32560348510742
45.296356201171875
45.38162612915039
45.31494140625
45.39205551147461
45.333316802978516
45.32347106933594
45.32744216918945
45.34549331665039
45.38602828979492
45.40348434448242
45.438880920410156
45.38043975830078
45.35327911376953
45.33916091918945
45.38475036621094
45.39976501464844
45.38877868652344
45.38442611694336
45.34553146362305
45.34272003173828
45.28813171386719
45.35538101196289
45.3488883972168
45.42928695678711
45.349525451660156
45.4194221496582
45.392608642578125
45.34910202026367
45.38751983642578
45.41888427734375
45.4156494140625
45.419090270996094
45.41260528564453
45.4149284362793
45.33552932739258
45.35054397583008
45.32403564453125
45.40012741088867
45.340213775634766
45.33995056152344
45.342803955078125
45.36893844604492
45.30611801147461
45.312095642089844
45.271549224853516
45.3433723449707
45.32037353515625
45.3592529296875
45.336795806884766
45.29400634765625
45.376731872558594
45.33842849731445
45.38222885131836
45.353641510009766
45.368141174316406
45.28999328613281
45.4163818359375
45.43223190307617
45.39249801635742
45.353294372558594
45.28531265258789
45.350807189941406
45.376808166503906
45.36310958862305
45.36075973510742
45.3306999206543
45.37626266479492
45.312744140625
45.35449981689453
45.356136322021484
45.31713104248047
45.34150314331055
45.36481857299805
45.295326232910156
45.32841110229492
45.28852462768555
45.3488655090332
45.2805290222168
45.3090705871582
45.33963394165039
45.318077087402344
45.29768371582031
45.31130599975586
45.320648193359375
45.30814743041992
45.329124450683594
45.335025787353516
45.2901725769043
45.28656005859375
45.31782531738281
45.35318374633789
45.4490966796875
45.43832778930664
45.409732818603516
45.38308334350586
45.35838317871094
45.371036529541016
45.37111282348633
45.3126106262207
45.29847717285156
45.32670593261719
45.30957794189453
45.313228607177734
45.31098175048828
45.2924690246582
45.337364196777344
45.285831451416016
45.30479431152344
45.272483825683594
45.30259704589844
45.33123779296875
45.25810241699219
45.374141693115234
45.35805130004883
45.38845443725586
45.30006790161133
45.2769660949707
45.28565979003906
45.368473052978516
45.40876007080078
45.3995246887207
45.40499496459961
45.337669372558594
45.35258865356445
45.30590057373047
45.373783111572266
45.38978576660156
45.35149002075195
45.35619354248047
45.35395050048828
45.339683532714844
45.280677795410156
45.38050842285156
45.343074798583984
45.370872497558594
45.33794021606445
45.34553146362305
45.33762741088867
45.35932540893555
45.363121032714844
45.390750885009766
45.46074676513672
45.51922607421875
45.428680419921875
45.418701171875
45.359195709228516
45.34543228149414
45.34775161743164
45.41334533691406
45.39257049560547
45.47291946411133
45.48415756225586
45.471107482910156
45.39976501464844
45.38295364379883
45.38145446777344
45.37239456176758
45.3592414855957
45.36414337158203
45.39109802246094
45.39286804199219
45.41135025024414
45.38604736328125
45.39198303222656
45.400569915771484
45.374942779541016
45.37102127075195
45.274898529052734
45.223663330078125
45.273868560791016
45.27887725830078
45.32177734375
45.38103485107422
45.36294937133789
45.336429595947266
45.32544708251953
45.291046142578125
45.344600677490234
45.39582061767578
45.29738235473633
45.36492156982422
46.162418365478516
46.09953689575195
45.95420455932617
45.90143966674805
46.56330871582031
46.653873443603516
46.631919860839844
46.59579849243164
46.502647399902344
46.552303314208984
46.53843307495117
46.51181411743164
46.54399871826172
46.588138580322266
46.59132385253906
46.56863784790039
46.59788131713867
46.52924346923828
46.53988265991211
46.500614166259766
46.53890609741211
46.565364837646484
46.54661178588867
46.48629379272461
46.50702667236328
46.47713088989258
46.50215148925781
46.49279022216797
46.49982833862305
46.532867431640625
46.5595703125
46.475730895996094
46.42447280883789
46.42750549316406
46.378570556640625
46.4334831237793
46.427223205566406
45.647586822509766
45.647987365722656
45.6799201965332
45.73660659790039
45.70918655395508
45.68608856201172
45.69034194946289
45.63395690917969
45.61129379272461
45.61396026611328
45.64697265625
45.65374755859375
45.578060150146484
45.666683197021484
45.63151550292969
45.71379089355469
45.641761779785156
45.6440544128418
45.65798568725586
45.66115188598633
45.65550994873047
45.62551498413086
45.69426345825195
45.706626892089844
45.65179443359375
45.622955322265625
45.615535736083984
45.60625457763672
45.61228942871094
45.65525817871094
45.67396545410156
45.66164779663086
45.63313674926758
45.6441764831543
45.64848709106445
45.600181579589844
45.60816192626953
45.63254165649414
45.693939208984375
45.699954986572266
45.69542694091797
45.667808532714844
45.623775482177734
45.647212982177734
45.598819732666016
45.632423400878906
45.607818603515625
45.58247375488281
45.60099792480469
45.593135833740234
45.66221237182617
45.613800048828125
45.5744514465332
45.6545524597168
45.61589431762695
45.634544372558594
45.622249603271484
45.64628982543945
45.65141296386719
45.612457275390625
45.69392776489258
45.66522216796875
45.688720703125
45.726409912109375
45.68230056762695
45.6419677734375
45.69143295288086
45.688880920410156
45.6942138671875
45.67703628540039
45.700706481933594
45.6900634765625
45.67984390258789
45.64727020263672
45.64585494995117
45.693824768066406
45.73117446899414
45.79727554321289
45.71861267089844
45.733787536621094
45.69467544555664
45.758235931396484
45.75569534301758
45.75580596923828
45.72242736816406
45.734947204589844
45.746395111083984
45.736572265625
45.733848571777344
45.75777816772461
45.72978210449219
45.76942825317383
45.73568344116211
45.717830657958984
45.67340850830078
45.66143798828125
45.62582015991211
45.69938278198242
45.76095199584961
45.75845718383789
45.73481750488281
45.66292953491211
45.66706466674805
45.65725326538086
45.643707275390625
45.658851623535156
45.699684143066406
45.71728515625
45.692447662353516
45.67161560058594
45.72013473510742
45.707359313964844
45.697898864746094
45.67869186401367
45.705291748046875
45.711185455322266
45.70158767700195
45.68861389160156
45.655738830566406
45.71465301513672
45.72282028198242
45.67334747314453
45.66737365722656
45.6513671875
45.61814880371094
45.61613845825195
45.623409271240234
45.66718292236328
45.64726638793945
45.613773345947266
45.63545608520508
45.60936737060547
45.72123718261719
45.688331604003906
45.6977424621582
45.74612808227539
45.70331954956055
45.7333869934082
45.72426223754883
45.637115478515625
45.6672477722168
45.62677001953125
45.678733825683594
45.75173568725586
45.760032653808594
45.79338455200195
45.71975326538086
45.7114372253418
45.738807678222656
45.734642028808594
45.74604034423828
45.71729278564453
45.72945785522461
45.74859619140625
45.73398208618164
45.7094841003418
45.68608093261719
45.70466613769531
45.75122833251953
45.78008270263672
45.769081115722656
45.74260711669922
45.71754455566406
45.717411041259766
45.66389846801758
45.71321105957031
45.71854782104492
45.69277572631836
45.698097229003906
45.68626403808594
45.68724822998047
45.698753356933594
45.70458221435547
45.70862579345703
45.67252731323242
45.758567810058594
45.69536209106445
45.6334228515625
45.69365310668945
45.641727447509766
45.650794982910156
45.665313720703125
45.64036560058594
45.679664611816406
45.698665618896484
45.68052291870117
45.71547317504883
45.71495056152344
45.70138168334961
45.70642852783203
45.670555114746094
45.71246337890625
45.67780303955078
45.74727249145508
45.76681900024414
45.732177734375
45.776554107666016
45.7457275390625
45.70780944824219
45.702552795410156
45.690120697021484
45.70513916015625
45.70941162109375
45.835594177246094
45.78307342529297
45.705711364746094
45.675018310546875
45.70408248901367
45.687652587890625
45.681270599365234
45.694332122802734
45.65184020996094
45.64039993286133
45.67383575439453
45.68722915649414
45.6569938659668
45.661094665527344
45.66905212402344
45.65559387207031
45.6536865234375
45.667625427246094
45.68043518066406
45.67363739013672
45.70716857910156
45.76478958129883
45.71825408935547
45.76300048828125
45.76603317260742
45.679420471191406
45.693382263183594
45.677040100097656
45.689109802246094
45.71243667602539
45.75681686401367
45.78062057495117
45.729576110839844
45.702789306640625
45.694705963134766
45.725948333740234
45.75651931762695
45.724647521972656
45.70146179199219
45.72213363647461
45.65448760986328
45.66986846923828
45.713836669921875
45.68997573852539
45.680240631103516
45.65152359008789
45.70325469970703
45.72834014892578
45.66489028930664
45.662193298339844
45.67467498779297
45.686492919921875
45.71638870239258
45.72629928588867
45.643436431884766
45.673030853271484
45.68111801147461
45.693851470947266
45.673011779785156
45.67011642456055
45.73516082763672
45.67984390258789
45.69561767578125
45.71920394897461
45.705257415771484
45.70531463623047
45.683345794677734
45.74098587036133
45.72397232055664
45.7354850769043
45.767494201660156
45.782161712646484
45.68280029296875
45.71112823486328
45.70354461669922
45.72154235839844
45.715599060058594
45.735713958740234
45.72768783569336
45.71416091918945
45.722694396972656
45.67985153198242
45.63080596923828
45.64529800415039
45.657615661621094
45.661991119384766
45.64613723754883
45.63215255737305
45.65353775024414
45.72730255126953
45.65958023071289
45.686519622802734
45.673988342285156
45.67577362060547
45.66154861450195
45.62210464477539
45.69392776489258
45.706363677978516
45.697898864746094
45.70177459716797
45.68899917602539
45.73394012451172
45.778953552246094
45.70795440673828
45.65827560424805
45.750091552734375
45.686370849609375
45.61191940307617
45.69572830200195
45.65514373779297
45.6109504699707
45.70252990722656
45.653480529785156
45.65803909301758
45.63985061645508
45.59525680541992
45.58394241333008
45.55366134643555
45.58838653564453
45.61715316772461
45.62630081176758
45.70351028442383
45.698875427246094
45.638999938964844
45.585777282714844
45.62482833862305
45.62428665161133
45.62213897705078
45.60693359375
45.647308349609375
45.68724822998047
45.665748596191406
45.638084411621094
45.67290115356445
45.63601303100586
45.64216613769531
45.94230651855469
46.12105941772461
46.136436462402344
46.22321319580078
46.31505584716797
46.38302230834961
46.360260009765625
46.36481857299805
46.41242218017578
46.44295883178711
46.47575759887695
46.643959045410156
46.60237503051758
45.93546676635742
45.906883239746094
45.92266845703125
45.945526123046875
45.893306732177734
45.82572555541992
45.76115417480469
45.812782287597656
45.800174713134766
45.778076171875
45.71788024902344
45.764320373535156
45.834754943847656
45.78048324584961
45.714599609375
45.72906494140625
45.780303955078125
45.78281784057617
45.80230712890625
45.80933380126953
45.80061721801758
45.74953842163086
45.69438552856445
45.70458984375
45.71001434326172
45.68955993652344
45.70389175415039
45.73051834106445
45.67938232421875
45.57231521606445
45.65193176269531
45.698368072509766
45.75746154785156
45.672142028808594
45.685325622558594
45.6451301574707
45.6192741394043
45.65978240966797
45.69888687133789
45.698001861572266
45.67745590209961
45.682525634765625
45.68275451660156
45.69026565551758
45.64387512207031
45.7047004699707
45.701637268066406
45.685386657714844
45.726593017578125
45.73077392578125
45.71506881713867
45.682716369628906
45.72529220581055
45.74310302734375
45.754730224609375
45.708595275878906
45.713706970214844
45.69540023803711
45.670867919921875
45.644874572753906
45.6761474609375
45.685916900634766
45.734580993652344
45.79172897338867
45.70559310913086
45.79056167602539
45.722042083740234
45.68904495239258
45.68732452392578
45.75236129760742
45.732234954833984
45.76760482788086
45.75447082519531
45.761470794677734
45.74824142456055
45.705360412597656
45.728878021240234
45.64215850830078
45.70457458496094
45.661441802978516
45.693843841552734
45.655174255371094
45.722843170166016
45.70996856689453
45.69565963745117
45.71018981933594
45.68439483642578
45.6594352722168
45.7335205078125
45.75398254394531
45.71134567260742
45.68803405761719
45.750972747802734
45.715965270996094
GPU Usage (%):

.join(map(str, gpu_percent_usage))
GPU Memory Usage (GB):
78.49609375
78.49609375
78.49609375
78.49609375
78.49609375
78.49609375
78.49609375
78.49609375
78.49609375
78.49609375
78.49609375
78.49609375
78.49609375
78.49609375
78.49609375
78.49609375
78.49609375
78.49609375
78.49609375
78.49609375
78.49609375
78.49609375
78.49609375
78.49609375
79.13671875
79.13671875
79.13671875
79.13671875
79.13671875
79.13671875
79.13671875
79.13671875
79.13671875
79.13671875
79.13671875
79.13671875
79.13671875
79.13671875
79.13671875
79.13671875
79.13671875
79.13671875
79.13671875
79.13671875
79.13671875
79.13671875
79.13671875
79.13671875
79.13671875
79.13671875
79.13671875
79.13671875
79.13671875
79.13671875
79.13671875
79.13671875
79.13671875
79.13671875
79.13671875
79.13671875
79.13671875
79.13671875
79.13671875
79.13671875
79.13671875
79.13671875
79.13671875
79.13671875
79.13671875
79.13671875
79.13671875
79.13671875
79.13671875
79.13671875
79.13671875
79.13671875
79.13671875
79.13671875
79.13671875
79.13671875
79.13671875
79.13671875
79.13671875
79.13671875
79.13671875
79.13671875
79.13671875
79.13671875
79.13671875
79.13671875
79.13671875
79.13671875
79.13671875
79.13671875
79.13671875
79.13671875
79.13671875
79.13671875
79.13671875
79.119140625
79.119140625
79.119140625
79.119140625
79.119140625
79.119140625
79.119140625
79.119140625
79.119140625
79.119140625
79.119140625
79.119140625
79.119140625
79.119140625
79.119140625
79.119140625
79.119140625
79.119140625
79.119140625
79.119140625
79.119140625
79.119140625
79.119140625
79.119140625
79.119140625
79.119140625
79.119140625
79.119140625
79.119140625
79.119140625
79.119140625
79.119140625
79.119140625
79.119140625
79.119140625
79.119140625
79.119140625
79.119140625
79.119140625
79.119140625
79.119140625
79.119140625
79.119140625
79.119140625
79.119140625
79.119140625
79.119140625
79.119140625
79.119140625
79.119140625
79.119140625
79.119140625
79.119140625
79.119140625
79.119140625
79.119140625
79.119140625
79.119140625
79.119140625
79.119140625
79.119140625
79.119140625
79.119140625
79.119140625
79.119140625
79.119140625
79.119140625
79.119140625
79.119140625
79.119140625
79.119140625
79.119140625
79.119140625
79.119140625
79.119140625
79.119140625
79.119140625
79.119140625
79.119140625
79.119140625
79.119140625
79.119140625
79.119140625
79.119140625
79.119140625
79.119140625
79.119140625
79.119140625
79.119140625
79.119140625
79.119140625
79.119140625
79.119140625
79.119140625
79.119140625
79.119140625
79.119140625
79.119140625
79.119140625
79.119140625
79.119140625
79.119140625
79.119140625
79.119140625
79.119140625
79.119140625
79.119140625
79.119140625
79.119140625
79.119140625
79.119140625
79.119140625
79.119140625
79.119140625
79.119140625
79.119140625
79.119140625
79.119140625
79.119140625
79.119140625
79.119140625
79.119140625
79.119140625
79.119140625
79.119140625
79.119140625
79.119140625
79.119140625
79.119140625
79.119140625
79.119140625
79.12109375
79.119140625
79.119140625
79.119140625
79.119140625
79.119140625
79.119140625
79.119140625
79.119140625
79.119140625
79.119140625
79.119140625
79.119140625
79.119140625
79.119140625
79.119140625
79.119140625
79.119140625
79.119140625
79.119140625
79.119140625
79.119140625
79.119140625
79.119140625
79.119140625
79.119140625
79.119140625
79.119140625
79.119140625
79.119140625
79.119140625
79.119140625
79.119140625
79.119140625
79.119140625
79.119140625
79.119140625
79.119140625
79.119140625
79.119140625
79.119140625
79.119140625
79.119140625
79.119140625
79.119140625
79.119140625
79.119140625
79.119140625
79.119140625
79.119140625
79.119140625
79.119140625
79.09765625
79.119140625
79.119140625
79.119140625
79.119140625
79.119140625
79.12109375
79.119140625
79.119140625
79.12109375
79.119140625
79.119140625
79.119140625
79.119140625
79.119140625
79.119140625
79.119140625
79.119140625
79.119140625
79.119140625
79.119140625
79.119140625
79.119140625
79.119140625
79.119140625
79.119140625
79.119140625
79.119140625
79.119140625
79.119140625
79.119140625
79.119140625
79.119140625
79.119140625
79.119140625
79.119140625
79.119140625
79.119140625
79.119140625
79.119140625
79.119140625
79.119140625
79.119140625
79.119140625
79.119140625
79.119140625
79.119140625
79.119140625
79.119140625
79.119140625
79.119140625
79.119140625
79.119140625
79.119140625
79.119140625
79.119140625
79.119140625
79.119140625
79.119140625
79.119140625
79.119140625
79.119140625
79.119140625
79.119140625
79.119140625
79.119140625
79.119140625
79.119140625
79.119140625
79.119140625
79.119140625
79.119140625
79.119140625
79.119140625
79.119140625
79.119140625
79.119140625
79.119140625
79.119140625
79.119140625
79.119140625
79.119140625
79.119140625
79.119140625
79.119140625
79.119140625
79.119140625
79.119140625
79.119140625
79.119140625
79.119140625
79.119140625
79.119140625
79.119140625
79.119140625
79.119140625
79.119140625
79.119140625
79.119140625
79.119140625
79.119140625
79.119140625
79.119140625
79.119140625
79.119140625
79.119140625
79.119140625
79.119140625
79.119140625
79.119140625
79.119140625
79.119140625
79.119140625
79.119140625
79.119140625
79.119140625
79.119140625
79.119140625
79.119140625
79.119140625
79.119140625
79.119140625
79.119140625
79.119140625
79.119140625
79.119140625
79.119140625
79.119140625
79.119140625
79.119140625
79.119140625
79.119140625
79.119140625
79.119140625
79.119140625
79.119140625
79.119140625
79.119140625
79.119140625
79.119140625
79.119140625
79.119140625
79.119140625
79.119140625
79.119140625
79.119140625
79.119140625
79.119140625
79.119140625
79.119140625
79.119140625
79.119140625
79.119140625
79.119140625
79.119140625
79.119140625
79.119140625
79.119140625
79.119140625
79.119140625
79.119140625
79.119140625
79.119140625
79.119140625
79.119140625
79.119140625
79.119140625
79.119140625
79.119140625
79.119140625
79.119140625
79.119140625
79.119140625
79.119140625
79.119140625
79.119140625
79.119140625
79.119140625
79.119140625
79.119140625
79.119140625
79.119140625
79.119140625
79.119140625
79.119140625
79.119140625
79.119140625
79.119140625
79.119140625
79.119140625
79.119140625
79.119140625
79.119140625
79.119140625
79.119140625
79.119140625
79.119140625
79.119140625
79.119140625
79.119140625
79.119140625
79.119140625
79.119140625
79.119140625
79.119140625
79.119140625
79.119140625
79.119140625
79.119140625
79.119140625
79.119140625
79.119140625
79.119140625
79.119140625
79.119140625
79.119140625
79.119140625
79.119140625
79.119140625
79.119140625
79.119140625
79.119140625
79.119140625
79.09765625
79.119140625
79.119140625
79.119140625
79.119140625
79.119140625
79.119140625
79.119140625
79.119140625
79.119140625
79.119140625
79.119140625
79.119140625
79.119140625
79.119140625
79.119140625
79.119140625
79.119140625
79.119140625
79.119140625
79.119140625
79.119140625
79.119140625
79.119140625
79.119140625
79.119140625
79.119140625
79.119140625
79.119140625
79.119140625
79.119140625
79.119140625
79.119140625
79.119140625
79.119140625
79.119140625
79.119140625
79.119140625
79.119140625
79.09765625
79.119140625
79.119140625
79.119140625
79.119140625
79.119140625
79.119140625
79.119140625
79.119140625
79.119140625
79.119140625
79.119140625
79.119140625
79.119140625
79.119140625
79.119140625
79.119140625
79.119140625
79.119140625
79.119140625
79.119140625
79.119140625
79.119140625
79.119140625
79.119140625
79.119140625
79.119140625
79.119140625
79.119140625
79.119140625
79.119140625
79.119140625
79.119140625
79.119140625
79.119140625
79.119140625
79.119140625
79.119140625
79.119140625
79.119140625
79.119140625
79.119140625
79.119140625
79.119140625
79.119140625
79.119140625
79.119140625
79.119140625
79.119140625
79.119140625
79.119140625
79.119140625
79.119140625
79.119140625
79.119140625
79.119140625
79.119140625
79.119140625
79.119140625
79.119140625
79.119140625
79.119140625
79.119140625
79.119140625
79.119140625
79.119140625
79.119140625
79.119140625
79.119140625
79.119140625
79.119140625
79.119140625
79.119140625
79.119140625
79.119140625
79.119140625
79.119140625
79.119140625
79.119140625
79.119140625
79.119140625
79.119140625
79.119140625
79.119140625
79.119140625
79.119140625
79.119140625
79.119140625
79.119140625
79.119140625
79.119140625
79.119140625
79.119140625
79.119140625
79.119140625
79.119140625
79.119140625
79.119140625
79.119140625
79.119140625
79.119140625
79.119140625
79.119140625
79.119140625
79.119140625
79.119140625
79.119140625
79.119140625
79.119140625
79.119140625
79.119140625
79.119140625
79.119140625
79.119140625
79.119140625
79.119140625
79.119140625
79.119140625
79.119140625
79.119140625
79.119140625
79.119140625
79.119140625
79.119140625
79.119140625
79.119140625
79.119140625
79.119140625
79.119140625
79.119140625
79.119140625
79.119140625
79.119140625
79.119140625
79.119140625
79.119140625
79.119140625
79.119140625
79.119140625
79.09765625
79.119140625
79.119140625
79.119140625
79.119140625
79.119140625
79.119140625
79.119140625
79.119140625
79.119140625
79.119140625
79.119140625
79.119140625
79.119140625
79.119140625
79.119140625
79.119140625
79.119140625
79.119140625
79.119140625
79.119140625
79.119140625
79.119140625
79.119140625
79.119140625
79.119140625
79.119140625
79.119140625
79.119140625
79.119140625
79.119140625
79.119140625
79.119140625
79.119140625
79.119140625
79.119140625
79.119140625
79.119140625
79.119140625
79.119140625
79.119140625
79.119140625
79.119140625
79.119140625
79.119140625
79.119140625
79.119140625
79.119140625
79.119140625
79.119140625
79.119140625
79.119140625
79.119140625
79.119140625
79.119140625
79.119140625
79.119140625
79.119140625
79.119140625
79.119140625
79.119140625
79.119140625
79.119140625
79.119140625
79.119140625
79.119140625
79.119140625
79.119140625
79.119140625
79.119140625
79.119140625
79.119140625
79.119140625
79.119140625
79.119140625
79.119140625
79.119140625
79.119140625
79.119140625
79.119140625
79.119140625
79.119140625
79.119140625
79.119140625
79.119140625
79.119140625
79.119140625
79.119140625
79.119140625
79.119140625
79.119140625
79.119140625
79.119140625
79.119140625
79.119140625
79.119140625
79.119140625
79.119140625
79.119140625
79.119140625
79.119140625
79.119140625
79.119140625
79.119140625
79.119140625
79.119140625
79.119140625
79.119140625
79.119140625
79.119140625
79.119140625
79.119140625
79.119140625
79.12109375
79.119140625
79.119140625
79.119140625
79.119140625
79.119140625
79.119140625
79.119140625
79.119140625
79.119140625
79.119140625
79.119140625
79.119140625
79.119140625
79.119140625
79.119140625
79.119140625
79.119140625
79.119140625
79.119140625
79.119140625
79.119140625
79.119140625
79.119140625
79.119140625
79.119140625
79.119140625
79.119140625
79.119140625
79.119140625
79.119140625
79.119140625
79.119140625
79.119140625
79.119140625
79.119140625
79.119140625
79.119140625
79.119140625
79.119140625
79.119140625
79.119140625
79.119140625
79.119140625
79.119140625
79.119140625
79.119140625
79.119140625
79.119140625
79.119140625
79.119140625
79.119140625
79.119140625
79.119140625
79.119140625
79.119140625
79.119140625
79.119140625
79.119140625
79.119140625
79.119140625
79.119140625
79.119140625
79.119140625
79.119140625
79.119140625
79.119140625
79.119140625
79.119140625
79.119140625
79.119140625
79.119140625
79.119140625
79.119140625
79.119140625
79.119140625
79.119140625
79.119140625
79.119140625
79.119140625
79.119140625
79.119140625
79.119140625
79.119140625
79.119140625
79.119140625
79.119140625
79.119140625
79.119140625
79.119140625
79.119140625
79.119140625
79.119140625
79.119140625
79.119140625
79.119140625
79.119140625
79.119140625
79.119140625
79.119140625
79.119140625
79.119140625
79.119140625
79.119140625
79.119140625
79.119140625
79.119140625
79.119140625
79.119140625
79.119140625
79.119140625
79.119140625
79.119140625
79.119140625
79.119140625
79.119140625
79.119140625
79.119140625
79.119140625
79.119140625
79.119140625
79.119140625
79.119140625
79.119140625
79.119140625
79.119140625
79.119140625
79.119140625
79.119140625
79.119140625
79.119140625
79.119140625
79.119140625
79.119140625
79.119140625
79.119140625
79.119140625
79.119140625
79.119140625
79.09765625
79.119140625
79.119140625
79.119140625
79.119140625
79.119140625
79.119140625
79.119140625
79.119140625
79.119140625
79.119140625
79.119140625
79.119140625
79.119140625
79.119140625
79.119140625
79.119140625
79.119140625
79.119140625
79.119140625
79.119140625
79.119140625
79.119140625
79.119140625
79.119140625
79.119140625
79.119140625
79.119140625
79.119140625
79.119140625
79.119140625
79.119140625
79.119140625
79.119140625
79.119140625
79.119140625
79.119140625
79.119140625
79.119140625
79.119140625
79.119140625
79.119140625
79.119140625
79.119140625
79.119140625
79.119140625
79.119140625
79.119140625
79.119140625
79.119140625
79.119140625
79.119140625
79.119140625
79.119140625
79.119140625
79.119140625
79.119140625
79.119140625
79.119140625
79.119140625
79.119140625
79.119140625
79.119140625
79.119140625
79.119140625
Epoch times (seconds):
5.965360641479492
3.973984718322754
4.129999160766602
4.238023042678833
4.07282829284668
6.674097299575806
4.815589904785156
3.890455961227417
4.26214075088501
4.07202935218811
6.451181173324585
4.110878944396973
4.444915771484375
4.257647752761841
4.368432998657227
6.524230241775513
4.309586048126221
4.075755596160889
3.991032123565674
4.097565174102783
6.699615240097046
5.653920412063599
5.77565336227417
7.220056533813477
7.110872507095337
10.583252906799316
8.420420408248901
8.94918441772461
6.94503927230835
7.719951868057251
8.370081186294556
7.995984077453613
7.667402744293213
7.007562875747681
8.093668460845947
9.311916589736938
7.747707366943359
7.88573431968689
7.341219663619995
7.406552076339722
8.901246547698975
7.301734447479248
7.150897026062012
7.290884494781494
9.945233345031738
10.243533372879028
9.174749612808228
8.971712112426758
7.161396741867065
7.991708517074585
9.751754999160767
7.585597276687622
7.600786209106445
6.778446435928345
7.774402141571045
9.144503593444824
8.080445528030396
9.464385747909546
6.857138395309448
8.234483480453491
9.939018487930298
8.611246347427368
7.501367092132568
7.890383720397949
7.787940740585327
10.366698265075684
7.3993449211120605
7.15757155418396
7.827303886413574
8.263448715209961
9.734789371490479
6.774496078491211
7.278577566146851
7.570896148681641
7.4837586879730225
10.154341220855713
6.308739185333252
6.570228576660156
7.022681951522827
7.120863437652588
8.671447277069092
6.6292009353637695
8.819876194000244
6.733203172683716
6.781324863433838
9.317171096801758
6.596837759017944
6.630700588226318
8.196314096450806
6.304945468902588
9.312853813171387
6.8169660568237305
7.405964374542236
7.357452630996704
8.008026838302612
9.274325847625732
6.354619979858398
7.5242180824279785
7.322422504425049
7.843520402908325
9.34745168685913
7.206074953079224
7.202481508255005
6.82907247543335
7.678729057312012
10.118560791015625
8.867265224456787
7.359281539916992
7.060032367706299
6.893098831176758
8.82088589668274
6.764650583267212
6.843887090682983
7.875157356262207
8.31438422203064
8.666796922683716
7.505389213562012
7.9809465408325195
7.424129009246826
9.57658863067627
9.766080617904663
6.727498531341553
7.794388055801392
6.732507228851318
7.730222702026367
10.481958866119385
7.724488735198975
7.0374672412872314
7.037498712539673
8.002167463302612
11.227945804595947
6.308820962905884
7.172327995300293
6.952893257141113
7.180108070373535
9.433775663375854
8.390651941299438
7.104269981384277
6.563253879547119
7.278515338897705
8.947454690933228
8.61972427368164
8.564923763275146
7.8441643714904785
6.478694200515747
9.571980953216553
6.736818790435791
7.1534788608551025
7.609332799911499
6.6254236698150635
9.651097774505615
7.191251754760742
9.284260511398315
8.172016620635986
8.198182106018066
11.105674982070923
6.7363598346710205
7.306167840957642
5.992848873138428
6.3527350425720215
8.413778305053711
7.676537036895752
6.923260688781738
6.515762567520142
7.927403926849365
8.166062116622925
7.218386650085449
7.1578288078308105
7.429135322570801
6.459096193313599
9.013310432434082
6.559690237045288
7.867858409881592
7.647929668426514
8.329776525497437
8.602248668670654
6.514353275299072
10.632163286209106
6.686596632003784
6.929671764373779
8.322078466415405
8.348721504211426
11.185611486434937
7.885959148406982
9.361524820327759
10.648763656616211
9.387593269348145
7.517470359802246
7.413775205612183
6.782643556594849
8.751291513442993
9.0204017162323
7.738037109375
8.13668179512024
8.098700046539307
9.596932649612427
6.641858816146851
6.466639518737793
7.31835675239563
7.801106691360474
9.222588539123535
6.002362251281738
7.388559818267822
8.071443319320679
8.082072019577026
10.151743173599243
7.187715768814087
7.130638360977173
6.231506109237671
7.114158868789673
9.520313262939453
7.121625900268555
8.696603775024414
6.86747145652771
7.694951772689819
8.98148798942566
6.329195499420166
7.967951536178589
6.912839889526367
6.3502421379089355
9.27195119857788
6.9217023849487305
8.585064172744751
7.266284465789795
6.88079571723938
8.723548173904419
7.029962539672852
7.2871081829071045
6.684996128082275
7.976327180862427
9.32560420036316
8.104158639907837
6.780394792556763
7.558398246765137
6.623575210571289
9.834261655807495
6.994837999343872
6.926188945770264
8.123364448547363
7.686168670654297
8.797840118408203
7.1012864112854
6.790178537368774
7.7481629848480225
7.8180155754089355
8.800628900527954
7.846362352371216
7.088459014892578
7.334895610809326
6.485777854919434
9.47645354270935
8.177724361419678
7.7609639167785645
6.9452056884765625
8.120143175125122
10.547182559967041
6.104835033416748
8.492544412612915
7.667367696762085
7.817310810089111
9.738378047943115
8.019771575927734
7.738490581512451
6.717361688613892
7.892643928527832
9.465358257293701
7.368414878845215
7.710439205169678
7.20804762840271
7.6458094120025635
9.086486101150513
8.317567825317383
7.038700103759766
7.641130447387695
7.752006769180298
9.910024881362915
7.4968743324279785
6.665723562240601
8.314399480819702
7.165812730789185
9.879816055297852
10.568312406539917
7.668605089187622
7.0805957317352295
7.388131380081177
10.022990465164185
7.708381652832031
8.336264848709106
7.046205759048462
7.1356565952301025
9.375906944274902
8.782272577285767
8.520925045013428
9.249916076660156
6.8814918994903564
9.72022008895874
8.481141567230225
7.513293743133545
8.030080795288086
7.438485383987427
9.900105953216553
7.960727691650391
7.5255208015441895
7.885667324066162
6.924062252044678
8.920727252960205
7.102898836135864
7.88673210144043
7.621873617172241
7.0841004848480225
9.070614099502563
7.471254587173462
6.995738506317139
8.088624000549316
7.427047967910767
8.599547624588013
7.014690160751343
7.47573447227478
6.578507661819458
7.241617679595947
10.3035249710083
6.991328477859497
7.844900608062744
7.8770432472229
6.435926914215088
9.041214227676392
7.404413223266602
6.826698303222656
8.219184637069702
7.652459621429443
9.850552797317505
7.947576522827148
7.823856830596924
8.33994436264038
7.904560565948486
8.541764974594116
8.200177669525146
7.14577841758728
6.6808860301971436
7.5382561683654785
9.073271989822388
7.246396780014038
7.389964818954468
8.050873517990112
8.140669584274292
9.147656917572021
8.584447383880615
7.422558546066284
8.520694732666016
8.455782413482666
9.770755529403687
7.62920880317688
7.4316370487213135
7.45004677772522
9.07267713546753
9.799797058105469
7.126881122589111
8.942054510116577
6.5283989906311035
7.445935964584351
9.035178899765015
7.027141094207764
7.986600637435913
6.987142324447632
8.208603620529175
10.306780338287354
7.936938047409058
7.745168447494507
8.826355695724487
7.6705217361450195
10.706439971923828
7.765876531600952
7.148390293121338
8.468408107757568
8.323023796081543
8.241538763046265
6.6913628578186035
7.314047574996948
8.022643327713013
7.464345932006836
11.184260606765747
7.760794401168823
7.48815393447876
7.482479572296143
7.599667072296143
9.63836145401001
7.120478630065918
7.309093475341797
6.710419178009033
8.108677625656128
10.237038135528564
6.790923118591309
7.2592384815216064
6.153156757354736
6.935227870941162
9.942106485366821
6.906840562820435
6.572229385375977
6.784804582595825
7.9393110275268555
9.114741086959839
8.024775981903076
6.793180704116821
7.800565719604492
7.651723146438599
10.170310735702515
7.576070785522461
6.6578450202941895
7.555082559585571
8.816701412200928
10.994030714035034
7.751015663146973
6.80471134185791
8.441220760345459
7.409646272659302
10.216747760772705
7.859716892242432
6.471805810928345
7.450756549835205
8.326058149337769
11.11123776435852
7.9886155128479
6.820150852203369
6.856785535812378
7.4150567054748535
10.603080034255981
8.580446720123291
8.332680940628052
8.55338716506958
8.00804090499878
9.991764545440674
7.779272079467773
6.749221324920654
8.240595817565918
7.503559112548828
10.666075468063354
6.944023609161377
7.2682576179504395
5.818324565887451
7.584491491317749
10.50015115737915
9.589026689529419
7.500717401504517
8.475037813186646
7.7849671840667725
9.781509399414062
7.725317478179932
6.439998149871826
7.5701892375946045
6.779411315917969
9.632840394973755
8.389807224273682
7.854215621948242
5.8458945751190186
8.479423999786377
10.11246657371521
7.884369611740112
8.00307011604309
7.188994646072388
6.3503241539001465
9.547334432601929
7.839409589767456
7.895694732666016
6.935238361358643
7.9133851528167725
9.31535029411316
6.852702617645264
8.212742805480957
8.524437189102173
7.11354398727417
8.623518943786621
7.912546157836914
6.560140132904053
7.280869007110596
6.444399118423462
9.324757814407349
8.143021583557129
7.937413692474365
7.569396257400513
6.760066509246826
10.244457006454468
7.707401514053345
6.398563385009766
7.49202561378479
7.620800495147705
8.696295499801636
8.175157308578491
7.673935890197754
7.4875547885894775
8.16544771194458
7.709540128707886
7.750887155532837
7.422958612442017
7.269508361816406
7.373035669326782
9.375908613204956
7.976980924606323
7.799482107162476
6.695932626724243
6.995879411697388
9.192418813705444
7.299426794052124
7.314393520355225
7.470999717712402
6.83763861656189
8.094658374786377
6.752091407775879
7.883875370025635
6.05574893951416
7.0939531326293945
11.5296049118042
8.024962663650513
8.191765546798706
7.4082372188568115
6.491146564483643
9.634372234344482
6.573399305343628
10.362961769104004
6.868085622787476
7.690256118774414
9.227684497833252
9.229170322418213
7.650512218475342
8.718706607818604
8.527878046035767
9.23637342453003
6.145601272583008
8.192117929458618
8.207259178161621
7.275752544403076
9.030175924301147
7.026914358139038
7.316462516784668
6.675088882446289
7.997717618942261
8.807850122451782
6.127263784408569
7.772109508514404
6.729645729064941
6.845697402954102
9.104068756103516
6.624853134155273
8.696150541305542
7.769963979721069
7.522862434387207
9.561010122299194
7.558567047119141
7.766416072845459
7.322336196899414
7.509811162948608
10.671444654464722
8.12380313873291
6.929221868515015
7.536169052124023
8.134222269058228
9.09201955795288
7.33768105506897
6.127323865890503
7.172868013381958
8.589993238449097
11.16638994216919
7.277241945266724
7.140945672988892
6.335584878921509
7.561625003814697
8.991366624832153
7.009909629821777
6.690062046051025
6.539111375808716
7.956934213638306
9.545502662658691
7.097050905227661
7.211479187011719
6.935426235198975
8.503198862075806
9.56489872932434
8.229700565338135
8.446964263916016
6.52182674407959
7.270692586898804
9.43025827407837
7.1357643604278564
7.943212270736694
6.883485794067383
8.037314176559448
8.976712226867676
7.026289939880371
7.538687705993652
7.39971661567688
7.924633502960205
10.00864291191101
6.539596319198608
6.9713356494903564
7.171098709106445
7.026432514190674
8.367409944534302
7.2630016803741455
9.092485666275024
7.301244497299194
9.398153066635132
9.183205842971802
8.076998710632324
6.237627029418945
7.293960332870483
7.97109055519104
8.918472051620483
7.092643976211548
7.036040544509888
6.844233989715576
7.003330230712891
9.43056058883667
8.497142314910889
7.35383939743042
7.576663970947266
7.995620489120483
9.390188217163086
8.400695323944092
7.5693678855896
6.711298704147339
6.733201742172241
10.226921558380127
7.559172868728638
7.7735443115234375
7.108975648880005
7.039480686187744
8.495077848434448
6.787355422973633
6.4295594692230225
7.233018636703491
7.43353533744812
9.261471271514893
8.027082681655884
7.788595199584961
7.435840845108032
6.816838264465332
8.86540961265564
6.730465650558472
7.597744464874268
7.326266527175903
7.3798394203186035
9.723450422286987
6.0328898429870605
8.01278281211853
7.29484748840332
6.829682350158691
10.514642000198364
7.234342575073242
7.849108934402466
6.332782983779907
6.723533868789673
8.48239254951477
7.521239757537842
8.188984870910645
7.1278393268585205
6.63151741027832
10.443500280380249
7.7681357860565186
7.719321966171265
8.451450824737549
6.626003742218018
8.172134160995483
8.207423686981201
8.622431755065918
7.3192009925842285
7.537224769592285
9.764779329299927
7.43495774269104
8.250378608703613
7.581502676010132
8.167285919189453
8.547938585281372
7.75056004524231
7.511825799942017
8.990056037902832
7.874424695968628
9.194387435913086
7.548162460327148
7.568212032318115
8.649056434631348
8.171785354614258
9.121458053588867
7.291937828063965
7.055173397064209
6.720590591430664
7.04046630859375
8.701708316802979
8.14785385131836
8.600546598434448
7.463514566421509
6.779000759124756
9.31416654586792
7.173556566238403
7.607863664627075
8.305509805679321
8.435637712478638
9.08581280708313
7.703920841217041
7.5244550704956055
7.6854941844940186
8.475387573242188
9.866506576538086
7.199587821960449
6.376996278762817
8.06559944152832
7.524872541427612
9.038559198379517
6.785054683685303
7.97092604637146
6.046411752700806
7.7092649936676025
8.583220481872559
6.582999229431152
7.689358472824097
6.307135820388794
7.319143533706665
9.6972336769104
5.616669178009033
7.835353851318359
8.4535813331604
7.81562352180481
10.23151707649231
6.68787693977356
7.244976043701172
7.926846027374268
7.636640310287476
9.36001706123352
7.003722429275513
7.8650803565979
7.477423429489136
9.112921714782715
9.069963693618774
6.898512840270996
8.112016916275024
7.273832559585571
7.710648059844971
10.471920728683472
6.612948894500732
7.895677328109741
7.605829954147339
8.20695424079895
9.97049856185913
6.230723857879639
7.501761198043823
7.70968770980835
7.381155014038086
9.060736656188965
7.415164470672607
7.423547983169556
7.16555118560791
7.812896013259888
10.315456867218018
7.063044548034668
7.999335765838623
9.38699722290039
7.702469110488892
8.858788967132568
6.823439598083496
7.69063663482666
8.100056171417236
8.94657039642334
10.190886974334717
7.473475217819214
6.7230377197265625
8.69111442565918
8.19253420829773
10.869004011154175
7.423548698425293
6.935504913330078
6.365839004516602
7.390948295593262
9.499594688415527
7.918728590011597
8.261929035186768
6.570242643356323
9.006312131881714
10.909565925598145
6.45097541809082
8.840631484985352
6.361890554428101
6.9020771980285645
10.27608871459961
7.045060396194458
7.380682945251465
6.601787805557251
6.665952682495117
9.171355485916138
7.576337814331055
6.58418345451355
6.750916242599487
7.469032049179077
9.851312637329102
7.746815204620361
6.902595043182373
8.031872749328613
7.246091604232788
9.699649810791016
8.531962394714355
7.493815183639526
6.84334135055542
7.428538084030151
9.395748615264893
6.235309839248657
6.9918458461761475
7.207556486129761
6.678412914276123
8.74535322189331
7.44581413269043
7.471760034561157
7.665413856506348
6.785282850265503
9.341057538986206
7.6670472621917725
7.081546068191528
6.904785394668579
6.762615203857422
9.443103075027466
7.636841297149658
9.097501754760742
8.998976469039917
7.145815372467041
9.8602774143219
7.012842416763306
6.924940347671509
8.14970088005066
7.081617593765259
8.537143468856812
6.858554363250732
8.237569570541382
7.394383430480957
7.0741493701934814
9.225042819976807
8.232476949691772
6.857612133026123
7.809290885925293
7.571807622909546
9.497253179550171
6.775869607925415
8.079351663589478
7.969757080078125
8.782668590545654
8.720230340957642
7.122298717498779
7.693167209625244
6.73581075668335
7.631572723388672
8.928821325302124
8.110382318496704
7.445707559585571
7.416701555252075
6.9250407218933105
8.898137092590332
8.329608917236328
7.58724570274353
7.071884632110596
7.08132266998291
9.850825548171997
8.10700273513794
7.368905782699585
8.233503341674805
7.338924884796143
8.087327241897583
7.502237319946289
8.028374433517456
7.9048171043396
7.399922847747803
10.049818515777588
7.642348051071167
8.358384132385254
9.06641149520874
8.03082013130188
9.383148193359375
7.291154861450195
7.242420673370361
7.940813064575195
7.56308650970459
8.774970293045044
7.835057497024536
7.400477886199951
7.307330131530762
7.31944727897644
10.077730894088745
8.056442737579346
7.7189881801605225
7.367428779602051
7.602200269699097
9.055952787399292
6.578718423843384
8.101006984710693
8.001372337341309
7.8088884353637695
8.80387806892395
6.307802677154541
9.255950689315796
8.30460238456726
7.416854381561279
10.25251317024231
7.133168458938599
8.19822359085083
8.634841203689575
7.312615871429443
9.234636068344116
6.170354604721069
9.41457724571228
7.243094205856323
8.506814002990723
10.065332889556885
7.758676290512085
7.831274032592773
7.9088053703308105
7.182816505432129
9.737055778503418
8.403561115264893
9.244247198104858
6.66341757774353
6.8659868240356445
9.178853988647461
6.8183979988098145
6.766293287277222
7.465514659881592
8.30097246170044
10.963440656661987
6.869137287139893
7.189208269119263
7.30100417137146
8.031661987304688
9.531174659729004
6.485291242599487
7.746741771697998
8.480209827423096
8.223597288131714
9.01585078239441
6.9533772468566895
6.910525560379028
6.860447406768799
7.335937023162842
9.419651985168457
6.477922201156616
7.493476152420044
8.947215795516968
8.423392534255981
9.553911209106445
7.976803541183472
6.50007963180542
6.674123525619507
7.226053237915039
10.593456983566284
7.981589078903198
7.601662874221802
8.019295930862427
6.849731206893921
9.104856014251709
8.349452018737793
7.29379677772522
7.265285491943359
6.286398410797119
11.024997472763062
6.180309534072876
6.951756715774536
9.043334007263184
7.129842758178711
9.11719036102295
6.545886516571045
6.396787166595459
8.298940896987915
8.076875686645508
10.62498164176941
6.578619480133057
7.245610237121582
6.896609783172607
6.868376970291138
9.207096338272095
6.111778020858765
6.537380933761597
7.277973890304565
7.167390584945679
8.966285467147827
7.480865240097046
6.973875284194946
6.913798570632935
7.755127668380737
9.418313026428223
7.925405025482178
7.31784200668335
6.93647575378418
7.502295970916748
9.57925295829773
8.158841609954834
6.670709133148193
6.701390027999878
7.819079160690308
9.291426181793213
7.0894389152526855
8.551512718200684
7.604547500610352
7.497095108032227
10.3884859085083
8.77212142944336
7.556731462478638
7.4988884925842285
7.18542742729187
