Total time: 113.31 seconds
CPU Usage (%):
27.1
46.5
50.5
47.4
48.0
42.2
50.2
50.9
52.5
47.7
39.3
48.7
48.4
49.0
52.2
47.3
54.7
54.2
52.6
49.3
43.5
RAM Usage (GB):
39.010589599609375
38.992191314697266
38.907718658447266
39.00275421142578
38.985435485839844
38.98014831542969
38.9777946472168
38.957420349121094
38.92799377441406
38.9659423828125
38.89668273925781
38.91543197631836
38.971275329589844
38.973812103271484
39.62447738647461
41.65610122680664
43.03666305541992
44.73160171508789
38.96886444091797
38.94160461425781
38.88803482055664
GPU Usage (%):

.join(map(str, gpu_percent_usage))
GPU Memory Usage (GB):
78.49609375
78.49609375
78.49609375
78.49609375
78.49609375
78.49609375
78.49609375
78.49609375
78.49609375
78.49609375
78.49609375
78.49609375
78.49609375
78.49609375
78.49609375
78.49609375
78.49609375
78.49609375
78.49609375
78.49609375
78.49609375
Epoch times (seconds):
6.327999591827393
4.437860012054443
4.335039138793945
4.266321659088135
4.02659797668457
6.7727437019348145
4.2789146900177
4.436889410018921
4.527050971984863
4.520355939865112
6.414794683456421
6.0099241733551025
5.296944856643677
5.644100904464722
6.445020914077759
8.278429508209229
5.23027491569519
5.843639850616455
4.877644062042236
3.9296953678131104
6.8035500049591064
