Total time: 6724.49 seconds
CPU Usage (%):
0.0
0.0
0.0
0.0
0.0
0.0
0.0
0.0
0.0
0.0
0.0
0.0
0.0
0.0
0.0
0.0
0.0
0.0
0.0
0.0
0.0
0.0
0.0
0.0
0.0
0.0
0.0
0.0
0.0
0.0
0.0
0.0
0.0
0.0
0.0
0.0
0.0
0.0
0.0
0.0
0.0
0.0
0.0
0.0
0.0
0.0
0.0
0.0
0.0
0.0
0.0
0.0
0.0
0.0
0.0
0.0
0.0
0.0
0.0
0.0
0.0
0.0
0.0
0.0
0.0
0.0
0.0
0.0
0.0
0.0
0.0
0.0
0.0
0.0
0.0
0.0
0.0
0.0
0.0
0.0
0.0
0.0
0.0
0.0
0.0
0.0
0.0
0.0
0.0
0.0
0.0
0.0
0.0
0.0
0.0
0.0
0.0
0.0
0.0
0.0
0.0
0.0
0.0
0.0
0.0
0.0
0.0
0.0
0.0
0.0
0.0
0.0
0.0
0.0
0.0
0.0
0.0
0.0
0.0
0.0
0.0
0.0
0.0
0.0
0.0
0.0
0.0
0.0
0.0
0.0
0.0
0.0
0.0
0.0
0.0
0.0
0.0
0.0
0.0
0.0
0.0
0.0
0.0
0.0
0.0
0.0
0.0
0.0
0.0
0.0
0.0
0.0
0.0
0.0
0.0
0.0
0.0
0.0
0.0
0.0
0.0
0.0
0.0
0.0
0.0
0.0
0.0
0.0
0.0
0.0
0.0
0.0
0.0
0.0
0.0
0.0
0.0
0.0
0.0
0.0
0.0
0.0
0.0
0.0
0.0
0.0
0.0
0.0
0.0
0.0
0.0
0.0
0.0
0.0
0.0
0.0
0.0
0.0
0.0
0.0
0.0
0.0
0.0
0.0
0.0
0.0
0.0
0.0
0.0
0.0
0.0
0.0
0.0
0.0
0.0
0.0
0.0
0.0
0.0
0.0
0.0
0.0
0.0
0.0
0.0
0.0
0.0
0.0
0.0
0.0
0.0
0.0
0.0
0.0
0.0
0.0
0.0
0.0
0.0
0.0
0.0
0.0
0.0
0.0
0.0
0.0
0.0
0.0
0.0
0.0
0.0
0.0
0.0
0.0
0.0
0.0
0.0
0.0
0.0
0.0
0.0
0.0
0.0
0.0
0.0
0.0
0.0
0.0
0.0
0.0
0.0
0.0
0.0
0.0
0.0
0.0
0.0
0.0
0.0
0.0
0.0
0.0
0.0
0.0
0.0
0.0
0.0
0.0
0.0
0.0
0.0
0.0
0.0
0.0
0.0
0.0
0.0
0.0
0.0
0.0
0.0
0.0
0.0
0.0
0.0
0.0
0.0
0.0
0.0
0.0
0.0
0.0
0.0
0.0
0.0
0.0
0.0
0.0
0.0
0.0
0.0
0.0
0.0
0.0
0.0
0.0
0.0
0.0
0.0
0.0
0.0
0.0
0.0
0.0
0.0
0.0
0.0
0.0
0.0
0.0
0.0
0.0
0.0
0.0
0.0
0.0
0.0
0.0
0.0
0.0
0.0
0.0
0.0
0.0
0.0
0.0
0.0
0.0
0.0
0.0
0.0
0.0
0.0
0.0
0.0
0.0
0.0
0.0
0.0
0.0
0.0
0.0
0.0
0.0
0.0
0.0
0.0
0.0
0.0
0.0
0.0
0.0
0.0
0.0
0.0
0.0
0.0
0.0
0.0
0.0
0.0
0.0
0.0
0.0
0.0
0.0
0.0
0.0
0.0
0.0
0.0
0.0
0.0
0.0
0.0
0.0
0.0
0.0
0.0
0.0
0.0
0.0
0.0
0.0
0.0
0.0
0.0
0.0
0.0
0.0
0.0
0.0
0.0
0.0
0.0
0.0
0.0
0.0
0.0
0.0
0.0
0.0
0.0
0.0
0.0
0.0
0.0
0.0
0.0
0.0
0.0
0.0
0.0
0.0
0.0
0.0
0.0
0.0
0.0
0.0
0.0
0.0
0.0
0.0
0.0
0.0
0.0
0.0
0.0
0.0
0.0
0.0
0.0
0.0
0.0
0.0
0.0
0.0
0.0
0.0
0.0
0.0
0.0
0.0
0.0
0.0
0.0
0.0
0.0
0.0
0.0
0.0
0.0
0.0
0.0
0.0
0.0
0.0
0.0
0.0
0.0
0.0
0.0
0.0
0.0
0.0
0.0
0.0
0.0
0.0
0.0
0.0
0.0
0.0
0.0
0.0
0.0
0.0
0.0
0.0
0.0
0.0
0.0
0.0
0.0
0.0
0.0
0.0
0.0
0.0
0.0
0.0
0.0
0.0
0.0
0.0
0.0
0.0
0.0
0.0
0.0
0.0
0.0
0.0
0.0
0.0
0.0
0.0
0.0
0.0
0.0
0.0
0.0
0.0
0.0
0.0
0.0
0.0
0.0
0.0
0.0
0.0
0.0
0.0
0.0
0.0
0.0
0.0
0.0
0.0
0.0
0.0
0.0
0.0
0.0
0.0
0.0
0.0
0.0
0.0
0.0
0.0
0.0
0.0
0.0
0.0
0.0
0.0
0.0
0.0
0.0
0.0
0.0
0.0
0.0
0.0
0.0
0.0
0.0
0.0
0.0
0.0
0.0
0.0
0.0
0.0
0.0
0.0
0.0
0.0
0.0
0.0
0.0
0.0
0.0
0.0
0.0
0.0
0.0
0.0
0.0
0.0
0.0
0.0
0.0
0.0
0.0
0.0
0.0
0.0
0.0
0.0
0.0
0.0
0.0
0.0
0.0
0.0
0.0
0.0
0.0
0.0
0.0
0.0
0.0
0.0
0.0
0.0
0.0
0.0
0.0
0.0
0.0
0.0
0.0
0.0
0.0
0.0
0.0
0.0
0.0
0.0
0.0
0.0
0.0
0.0
0.0
0.0
0.0
0.0
0.0
0.0
0.0
0.0
0.0
0.0
0.0
0.0
0.0
0.0
0.0
0.0
0.0
0.0
0.0
0.0
0.0
0.0
0.0
0.0
0.0
0.0
0.0
0.0
0.0
0.0
0.0
0.0
0.0
0.0
0.0
0.0
0.0
0.0
0.0
0.0
0.0
0.0
0.0
0.0
0.0
0.0
0.0
0.0
0.0
0.0
0.0
0.0
0.0
0.0
0.0
0.0
0.0
0.0
0.0
0.0
0.0
0.0
0.0
0.0
0.0
0.0
0.0
0.0
0.0
0.0
0.0
0.0
0.0
0.0
0.0
0.0
0.0
0.0
0.0
0.0
0.0
0.0
0.0
0.0
0.0
0.0
0.0
0.0
0.0
0.0
0.0
0.0
0.0
0.0
0.0
0.0
0.0
0.0
0.0
0.0
0.0
0.0
0.0
0.0
0.0
0.0
0.0
0.0
0.0
0.0
0.0
0.0
0.0
0.0
0.0
0.0
0.0
0.0
0.0
0.0
0.0
0.0
0.0
0.0
0.0
0.0
0.0
0.0
0.0
0.0
0.0
0.0
0.0
0.0
0.0
0.0
0.0
0.0
0.0
0.0
0.0
0.0
0.0
0.0
0.0
0.0
0.0
0.0
0.0
0.0
0.0
0.0
0.0
0.0
0.0
0.0
0.0
0.0
0.0
0.0
0.0
0.0
0.0
0.0
0.0
0.0
0.0
0.0
0.0
0.0
0.0
0.0
0.0
0.0
0.0
0.0
0.0
0.0
0.0
0.0
0.0
0.0
0.0
0.0
0.0
0.0
0.0
0.0
0.0
0.0
0.0
0.0
0.0
0.0
0.0
0.0
0.0
0.0
0.0
0.0
0.0
0.0
0.0
0.0
0.0
0.0
0.0
0.0
0.0
0.0
0.0
0.0
0.0
0.0
0.0
0.0
0.0
0.0
0.0
0.0
0.0
0.0
0.0
0.0
0.0
0.0
0.0
0.0
0.0
0.0
0.0
0.0
0.0
0.0
0.0
0.0
0.0
0.0
0.0
0.0
0.0
0.0
0.0
0.0
0.0
0.0
0.0
0.0
0.0
0.0
0.0
0.0
0.0
0.0
0.0
0.0
0.0
0.0
0.0
0.0
0.0
0.0
0.0
0.0
0.0
0.0
0.0
0.0
0.0
0.0
0.0
0.0
0.0
0.0
0.0
0.0
0.0
0.0
0.0
0.0
0.0
0.0
0.0
0.0
0.0
0.0
0.0
0.0
0.0
0.0
0.0
0.0
0.0
0.0
0.0
0.0
0.0
0.0
0.0
0.0
0.0
0.0
0.0
0.0
0.0
0.0
0.0
0.0
0.0
0.0
0.0
0.0
0.0
0.0
0.0
0.0
0.0
0.0
0.0
0.0
0.0
0.0
0.0
0.0
0.0
0.0
0.0
0.0
0.0
0.0
0.0
0.0
0.0
0.0
0.0
0.0
0.0
0.0
0.0
0.0
0.0
0.0
0.0
0.0
RAM Usage (GB):
6.677581787109375
6.665439605712891
6.700473785400391
6.677158355712891
6.700473785400391
6.724456787109375
6.724575042724609
6.666103363037109
6.718719482421875
6.677829742431641
6.734077453613281
6.757514953613281
6.681465148925781
6.681465148925781
6.716499328613281
6.695720672607422
6.684120178222656
6.742603302001953
6.684131622314453
6.725025177001953
6.686634063720703
6.692512512207031
6.6983489990234375
6.698371887207031
6.780281066894531
6.733318328857422
6.704235076904297
6.686565399169922
6.721721649169922
6.698375701904297
6.745456695556641
6.745609283447266
6.757316589355469
6.710578918457031
6.710479736328125
6.733905792236328
6.675403594970703
6.745624542236328
6.687152862548828
6.745624542236328
6.710582733154297
6.710601806640625
6.769073486328125
6.769073486328125
6.734039306640625
6.769077301025391
6.769077301025391
6.769077301025391
6.769077301025391
6.769077301025391
6.769077301025391
6.780796051025391
6.769077301025391
6.769077301025391
6.733989715576172
6.769077301025391
6.769077301025391
6.769077301025391
6.769077301025391
6.769077301025391
6.769077301025391
6.769081115722656
6.769081115722656
6.734046936035156
6.768890380859375
6.769081115722656
6.769081115722656
6.769081115722656
6.769081115722656
6.769081115722656
6.769081115722656
6.769084930419922
6.769084930419922
6.769084930419922
6.769084930419922
6.769084930419922
6.769084930419922
6.7339019775390625
6.769084930419922
6.769084930419922
6.7693939208984375
6.745891571044922
6.769401550292969
6.769401550292969
6.769401550292969
6.769412994384766
6.769412994384766
6.769412994384766
6.734378814697266
6.73419189453125
6.769420623779297
6.7694244384765625
6.7694244384765625
6.7694244384765625
6.7694244384765625
6.7694244384765625
6.7694244384765625
6.7694244384765625
6.7694244384765625
6.7694244384765625
6.7342681884765625
6.734371185302734
6.7694244384765625
6.7811431884765625
6.734291076660156
6.758060455322266
6.769710540771484
6.758022308349609
6.7346954345703125
6.781455993652344
6.769901275634766
6.7584381103515625
6.746635437011719
6.758155822753906
6.7701568603515625
6.758319854736328
6.735004425048828
6.793392181396484
6.769718170166016
6.735004425048828
6.775707244873047
6.7408599853515625
6.758258819580078
6.734981536865234
6.769962310791016
6.770042419433594
6.770042419433594
6.770042419433594
6.770042419433594
6.770042419433594
6.770057678222656
6.770057678222656
6.781536102294922
6.7700042724609375
6.7466583251953125
6.770057678222656
6.769798278808594
6.770050048828125
6.793495178222656
6.781776428222656
6.793750762939453
6.770313262939453
6.770271301269531
6.770313262939453
6.781623840332031
6.735301971435547
6.746990203857422
6.735237121582031
6.735206604003906
6.746681213378906
6.770282745361328
6.770336151123047
6.77032470703125
6.770336151123047
6.770103454589844
6.770030975341797
6.770336151123047
6.770336151123047
6.770336151123047
6.770336151123047
6.770336151123047
6.770336151123047
6.770336151123047
6.770336151123047
6.770336151123047
6.770336151123047
6.770336151123047
6.770336151123047
6.770336151123047
6.770336151123047
6.735282897949219
6.735301971435547
6.782016754150391
6.793525695800781
6.735301971435547
6.770336151123047
6.770336151123047
6.770336151123047
6.770336151123047
6.770336151123047
6.770336151123047
6.770336151123047
6.770336151123047
6.770336151123047
6.770336151123047
6.770347595214844
6.770347595214844
6.770347595214844
6.770347595214844
6.770347595214844
6.770347595214844
6.770347595214844
6.770347595214844
6.770347595214844
6.770347595214844
6.770347595214844
6.770347595214844
6.770347595214844
6.770347595214844
6.770347595214844
6.770347595214844
6.770347595214844
6.770347595214844
6.770347595214844
6.781982421875
6.770347595214844
6.770347595214844
6.735172271728516
6.770347595214844
6.770347595214844
6.770347595214844
6.7817535400390625
6.793788909912109
6.781970977783203
6.770351409912109
6.770351409912109
6.770267486572266
6.782070159912109
6.8052215576171875
6.735317230224609
6.770244598388672
6.770351409912109
6.793788909912109
6.793788909912109
6.770351409912109
6.7702484130859375
6.770351409912109
6.770351409912109
6.770351409912109
6.770351409912109
6.770351409912109
6.770351409912109
6.770351409912109
6.770351409912109
6.770351409912109
6.770355224609375
6.770355224609375
6.770355224609375
6.770355224609375
6.770355224609375
6.770355224609375
6.770233154296875
6.741180419921875
6.770301818847656
6.747020721435547
6.770355224609375
6.770355224609375
6.770355224609375
6.770355224609375
6.770355224609375
6.770355224609375
6.7587432861328125
6.770355224609375
6.735294342041016
6.793422698974609
6.782073974609375
6.781768798828125
6.770355224609375
6.735282897949219
6.770229339599609
6.770355224609375
6.770355224609375
6.770355224609375
6.770355224609375
6.770355224609375
6.770355224609375
6.770355224609375
6.735099792480469
6.735240936279297
6.77032470703125
6.770851135253906
6.77099609375
6.77099609375
6.77099609375
6.77099609375
6.7710113525390625
6.7710113525390625
6.770931243896484
6.7710113525390625
6.7710113525390625
6.7710113525390625
6.7710113525390625
6.7710113525390625
6.7710113525390625
6.7710113525390625
6.7710113525390625
6.7710113525390625
6.7710113525390625
6.7710113525390625
6.7710113525390625
6.7710113525390625
6.7710113525390625
6.7710113525390625
6.7710113525390625
6.7710113525390625
6.7710113525390625
6.7710113525390625
6.7710113525390625
6.7359771728515625
6.7710113525390625
6.7710113525390625
6.7710113525390625
6.770717620849609
6.735816955566406
6.7359771728515625
6.770854949951172
6.7710113525390625
6.7710113525390625
6.7710113525390625
6.7710113525390625
6.7710113525390625
6.7827301025390625
6.770954132080078
6.747474670410156
6.7942352294921875
6.7592926025390625
6.7710113525390625
6.7710113525390625
6.7710113525390625
6.7710113525390625
6.7710113525390625
6.7710113525390625
6.7710113525390625
6.7710113525390625
6.7710113525390625
6.7710113525390625
6.782615661621094
6.7827301025390625
6.7827301025390625
6.7710113525390625
6.7710113525390625
6.7710113525390625
6.7710113525390625
6.7710113525390625
6.7710113525390625
6.7710113525390625
6.7710113525390625
6.7710113525390625
6.7710113525390625
6.747554779052734
6.7710113525390625
6.7710113525390625
6.735897064208984
6.770927429199219
6.770824432373047
6.7710113525390625
6.7710113525390625
6.7710113525390625
6.770931243896484
6.735729217529297
6.770698547363281
6.771038055419922
6.771038055419922
6.771038055419922
6.771038055419922
6.771045684814453
6.771045684814453
6.771045684814453
6.736011505126953
6.771045684814453
6.771045684814453
6.771045684814453
6.771045684814453
6.771045684814453
6.771045684814453
6.771045684814453
6.771045684814453
6.771045684814453
6.771045684814453
6.771045684814453
6.735866546630859
6.753498077392578
6.794486999511719
6.805934906005859
6.7475433349609375
6.770847320556641
6.735996246337891
6.770999908447266
6.771053314208984
6.771053314208984
6.73583984375
6.782596588134766
6.736019134521484
6.794116973876953
6.771026611328125
6.771053314208984
6.782772064208984
6.770881652832031
6.770927429199219
6.771053314208984
6.771053314208984
6.735992431640625
6.771053314208984
6.771053314208984
6.771053314208984
6.771053314208984
6.776893615722656
6.736019134521484
6.771053314208984
6.782543182373047
6.771461486816406
6.782901763916016
6.782932281494141
6.771461486816406
6.771461486816406
6.7712860107421875
6.771419525146484
6.771488189697266
6.771488189697266
6.771488189697266
6.759769439697266
6.771488189697266
6.771488189697266
6.771488189697266
6.771488189697266
6.771488189697266
6.748172760009766
6.748008728027344
6.771488189697266
6.783206939697266
6.759769439697266
6.771488189697266
6.771488189697266
6.771488189697266
6.771488189697266
6.783023834228516
6.783206939697266
6.783206939697266
6.783206939697266
6.783100128173828
6.783206939697266
6.783206939697266
6.748172760009766
6.747997283935547
6.748172760009766
6.789066314697266
6.771488189697266
6.771488189697266
6.771488189697266
6.771488189697266
6.771488189697266
6.771389007568359
6.771488189697266
6.771488189697266
6.771488189697266
6.771488189697266
6.771488189697266
6.771488189697266
6.771488189697266
6.771488189697266
6.771488189697266
6.771488189697266
6.771488189697266
6.771488189697266
6.771488189697266
6.771488189697266
6.771488189697266
6.770999908447266
6.771488189697266
6.771488189697266
6.771488189697266
6.771488189697266
6.771488189697266
6.771488189697266
6.771488189697266
6.771488189697266
6.771488189697266
6.736412048339844
6.771488189697266
6.771488189697266
6.771488189697266
6.771488189697266
6.736454010009766
6.771488189697266
6.782966613769531
6.771488189697266
6.771488189697266
6.771488189697266
6.771488189697266
6.771488189697266
6.771488189697266
6.771488189697266
6.771488189697266
6.771488189697266
6.771488189697266
6.736324310302734
6.771488189697266
6.771488189697266
6.771488189697266
6.7364044189453125
6.771488189697266
6.75958251953125
6.736255645751953
6.771488189697266
6.771488189697266
6.771488189697266
6.771488189697266
6.771488189697266
6.771488189697266
6.771488189697266
6.771488189697266
6.771488189697266
6.771472930908203
6.771488189697266
6.771450042724609
6.771488189697266
6.771488189697266
6.771488189697266
6.771488189697266
6.771488189697266
6.771488189697266
6.771488189697266
6.747962951660156
6.771488189697266
6.771488189697266
6.771488189697266
6.783153533935547
6.736274719238281
6.771488189697266
6.771488189697266
6.771488189697266
6.759674072265625
6.759769439697266
6.771488189697266
6.771488189697266
6.771488189697266
6.771480560302734
6.771488189697266
6.788871765136719
6.771488189697266
6.77197265625
6.771492004394531
6.771984100341797
6.771984100341797
6.771984100341797
6.771999359130859
6.783664703369141
6.783718109130859
6.783718109130859
6.783439636230469
6.771778106689453
6.771949768066406
6.795276641845703
6.771976470947266
6.783718109130859
6.807155609130859
6.818874359130859
6.795436859130859
6.807155609130859
6.807155609130859
6.818874359130859
6.818874359130859
6.818874359130859
6.771961212158203
6.7954254150390625
6.783718109130859
6.783718109130859
6.783718109130859
6.783718109130859
6.783718109130859
6.795383453369141
6.760402679443359
6.7603302001953125
6.760402679443359
6.795314788818359
6.760414123535156
6.772010803222656
6.771923065185547
6.772010803222656
6.772010803222656
6.795345306396484
6.795345306396484
6.795448303222656
6.760307312011719
6.795448303222656
6.771854400634766
6.760108947753906
6.736976623535156
6.7832794189453125
6.783451080322266
6.736808776855469
6.736812591552734
6.772132873535156
6.736957550048828
6.736972808837891
6.736896514892578
6.7368011474609375
6.772010803222656
6.736976623535156
6.736927032470703
6.807056427001953
6.783729553222656
6.783729553222656
6.795448303222656
6.795448303222656
6.795448303222656
6.795448303222656
6.772010803222656
6.772010803222656
6.76025390625
6.772010803222656
6.772010803222656
6.772010803222656
6.772010803222656
6.772010803222656
6.772010803222656
6.772010803222656
6.772010803222656
6.772010803222656
6.772010803222656
6.736835479736328
6.736927032470703
6.783729553222656
6.783439636230469
6.748561859130859
6.736976623535156
6.7368011474609375
6.748630523681641
6.736820220947266
6.742835998535156
6.7836456298828125
6.772010803222656
6.772010803222656
6.772010803222656
6.772010803222656
6.7368316650390625
6.795448303222656
6.73675537109375
6.807010650634766
6.772006988525391
6.771965026855469
6.771907806396484
6.772010803222656
6.736976623535156
6.7717132568359375
6.772010803222656
6.772010803222656
6.772010803222656
6.772010803222656
6.783729553222656
6.783729553222656
6.807014465332031
6.783729553222656
6.783485412597656
6.74847412109375
6.760108947753906
6.772010803222656
6.772010803222656
6.772010803222656
6.772010803222656
6.772010803222656
6.772010803222656
6.772010803222656
6.772010803222656
6.736930847167969
6.783470153808594
6.772010803222656
6.736976623535156
6.783729553222656
6.772010803222656
6.736942291259766
6.760292053222656
6.760292053222656
6.760292053222656
6.772010803222656
6.772010803222656
6.772010803222656
6.772010803222656
6.783641815185547
6.748588562011719
6.772010803222656
6.772010803222656
6.772010803222656
6.772010803222656
6.772010803222656
6.772010803222656
6.772010803222656
6.772010803222656
6.772010803222656
6.772010803222656
6.772010803222656
6.772010803222656
6.772010803222656
6.760292053222656
6.772010803222656
6.772010803222656
6.772010803222656
6.772010803222656
6.736907958984375
6.772010803222656
6.772010803222656
6.772010803222656
6.736968994140625
6.772010803222656
6.772010803222656
6.772010803222656
6.772010803222656
6.772010803222656
6.783622741699219
6.772010803222656
6.772010803222656
6.736747741699219
6.783607482910156
6.772010803222656
6.783592224121094
6.772010803222656
6.772010803222656
6.772010803222656
6.772010803222656
6.772010803222656
6.772010803222656
6.772010803222656
6.772010803222656
6.772010803222656
6.772010803222656
6.772010803222656
6.772010803222656
6.772010803222656
6.772010803222656
6.772010803222656
6.772010803222656
6.772010803222656
6.772010803222656
6.772010803222656
6.772010803222656
6.772010803222656
6.772010803222656
6.772010803222656
6.772010803222656
6.772010803222656
6.772010803222656
6.772010803222656
6.772010803222656
6.772010803222656
6.783729553222656
6.772010803222656
6.772010803222656
6.772010803222656
6.772010803222656
6.772010803222656
6.760257720947266
6.772010803222656
6.736778259277344
6.772010803222656
6.772010803222656
6.772010803222656
6.772010803222656
6.772010803222656
6.748386383056641
6.772010803222656
6.772010803222656
6.772010803222656
6.772010803222656
6.772010803222656
6.772010803222656
6.772010803222656
6.783729553222656
6.736797332763672
6.772010803222656
6.772010803222656
6.772010803222656
6.772010803222656
6.772010803222656
6.772010803222656
6.772010803222656
6.772010803222656
6.772010803222656
6.772010803222656
6.772010803222656
6.772010803222656
6.772010803222656
6.736919403076172
6.760292053222656
6.772010803222656
6.772010803222656
6.772010803222656
6.772010803222656
6.772010803222656
6.772010803222656
6.772010803222656
6.772010803222656
6.772010803222656
6.772010803222656
6.772010803222656
6.772010803222656
6.772010803222656
6.772010803222656
6.772010803222656
6.772010803222656
6.772010803222656
6.772010803222656
6.772010803222656
6.772010803222656
6.772010803222656
6.772010803222656
6.772010803222656
6.772010803222656
6.772010803222656
6.772010803222656
6.772010803222656
6.772014617919922
6.772014617919922
6.772014617919922
6.772014617919922
6.772014617919922
6.772014617919922
6.772014617919922
6.772014617919922
6.772014617919922
6.772014617919922
6.772014617919922
6.772014617919922
6.772014617919922
6.772014617919922
6.772014617919922
6.795238494873047
6.772014617919922
6.772014617919922
6.772014617919922
6.772014617919922
6.772014617919922
6.772014617919922
6.772014617919922
6.772014617919922
6.772014617919922
6.772014617919922
6.772014617919922
6.772014617919922
6.772014617919922
6.772014617919922
6.772014617919922
6.772014617919922
6.772014617919922
6.772014617919922
6.772014617919922
6.772014617919922
6.783733367919922
6.772014617919922
6.736980438232422
6.736766815185547
6.736980438232422
6.760189056396484
6.748481750488281
6.748638153076172
6.783733367919922
6.760078430175781
6.760295867919922
6.772014617919922
6.772014617919922
6.772014617919922
6.772014617919922
6.772014617919922
6.736896514892578
6.772014617919922
6.772014617919922
6.772014617919922
6.772014617919922
6.772014617919922
6.772014617919922
6.772014617919922
6.772014617919922
6.772014617919922
6.772014617919922
6.772014617919922
6.772014617919922
6.772014617919922
6.736980438232422
6.760059356689453
6.772014617919922
6.772014617919922
6.772014617919922
6.772014617919922
6.772014617919922
6.772014617919922
6.736808776855469
6.772014617919922
6.772014617919922
6.771907806396484
6.760295867919922
6.772014617919922
6.772014617919922
6.772014617919922
6.772014617919922
6.771778106689453
6.772014617919922
6.772014617919922
6.772014617919922
6.772014617919922
6.772014617919922
6.772014617919922
6.772014617919922
6.772014617919922
6.772014617919922
6.760295867919922
6.771976470947266
6.772014617919922
6.771965026855469
6.736980438232422
6.754558563232422
6.771533966064453
6.795299530029297
6.795444488525391
6.795452117919922
6.795452117919922
6.795452117919922
6.795452117919922
6.795452117919922
6.760295867919922
6.772014617919922
6.772014617919922
6.772014617919922
6.777873992919922
6.777873992919922
6.736904144287109
6.748416900634766
6.772014617919922
6.772014617919922
6.772014617919922
6.7717742919921875
6.772014617919922
6.736961364746094
6.736904144287109
6.783733367919922
6.772014617919922
6.771701812744141
6.760295867919922
6.748699188232422
6.772014617919922
6.772014617919922
6.795246124267578
6.772014617919922
6.772014617919922
6.748653411865234
6.760227203369141
6.772014617919922
6.772014617919922
6.736980438232422
6.736980438232422
6.736827850341797
6.783515930175781
6.760295867919922
6.77197265625
6.772014617919922
6.771816253662109
6.795036315917969
6.807170867919922
6.736812591552734
6.771518707275391
6.760334014892578
6.74859619140625
6.76019287109375
6.772014617919922
6.736881256103516
6.772014617919922
6.772014617919922
6.783245086669922
6.772014617919922
6.772014617919922
6.771892547607422
6.772014617919922
6.772014617919922
6.748577117919922
6.771816253662109
6.771820068359375
6.7718658447265625
6.742832183837891
6.772014617919922
6.736812591552734
6.7717132568359375
6.783485412597656
6.760295867919922
6.771755218505859
6.771732330322266
6.772014617919922
6.748577117919922
6.736980438232422
6.736763000488281
6.73687744140625
6.7716064453125
6.772014617919922
6.772014617919922
6.772014617919922
6.772014617919922
6.772014617919922
6.736778259277344
6.772014617919922
6.772014617919922
6.772014617919922
6.736930847167969
6.736980438232422
6.783454895019531
6.772014617919922
6.73675537109375
6.736980438232422
6.771903991699219
6.783733367919922
6.783733367919922
6.748504638671875
6.783733367919922
6.783733367919922
GPU Usage (%):

.join(map(str, gpu_percent_usage))
GPU Memory Usage (GB):
0.83984375
0.83984375
0.83984375
0.83984375
0.83984375
0.83984375
0.83984375
0.83984375
0.83984375
0.83984375
0.83984375
0.83984375
0.83984375
0.83984375
0.83984375
0.83984375
0.83984375
0.83984375
0.83984375
0.83984375
0.83984375
0.83984375
0.83984375
0.83984375
0.83984375
0.83984375
0.83984375
0.83984375
0.83984375
0.83984375
0.83984375
0.83984375
0.83984375
0.83984375
0.83984375
0.83984375
0.83984375
0.83984375
0.83984375
0.83984375
0.83984375
0.83984375
0.83984375
0.83984375
0.83984375
0.83984375
0.83984375
0.83984375
0.83984375
0.83984375
0.83984375
0.83984375
0.83984375
0.83984375
0.83984375
0.83984375
0.83984375
0.83984375
0.83984375
0.83984375
0.83984375
0.83984375
0.83984375
0.83984375
0.83984375
0.83984375
0.83984375
0.83984375
0.83984375
0.83984375
0.83984375
0.83984375
0.83984375
0.83984375
0.83984375
0.83984375
0.83984375
0.83984375
0.83984375
0.83984375
0.83984375
0.83984375
0.83984375
0.83984375
0.83984375
0.83984375
0.83984375
0.83984375
0.83984375
0.83984375
0.83984375
0.83984375
0.83984375
0.83984375
0.83984375
0.83984375
0.83984375
0.83984375
0.83984375
0.83984375
0.83984375
0.83984375
0.83984375
0.83984375
0.83984375
0.83984375
0.83984375
0.83984375
0.83984375
0.83984375
0.83984375
0.83984375
0.83984375
0.83984375
0.83984375
0.83984375
0.83984375
0.83984375
0.83984375
0.83984375
0.83984375
0.83984375
0.83984375
0.83984375
0.83984375
0.83984375
0.83984375
0.83984375
0.83984375
0.83984375
0.83984375
0.83984375
0.83984375
0.83984375
0.83984375
0.83984375
0.83984375
0.83984375
0.83984375
0.83984375
0.83984375
0.83984375
0.83984375
0.83984375
0.83984375
0.83984375
0.83984375
0.83984375
0.83984375
0.83984375
0.83984375
0.83984375
0.83984375
0.83984375
0.83984375
0.83984375
0.83984375
0.83984375
0.83984375
0.83984375
0.83984375
0.83984375
0.83984375
0.83984375
0.83984375
0.83984375
0.83984375
0.83984375
0.83984375
0.83984375
0.83984375
0.83984375
0.83984375
0.83984375
0.83984375
0.83984375
0.83984375
0.83984375
0.83984375
0.83984375
0.83984375
0.83984375
0.83984375
0.83984375
0.83984375
0.83984375
0.83984375
0.83984375
0.83984375
0.83984375
0.83984375
0.83984375
0.83984375
0.83984375
0.83984375
0.83984375
0.83984375
0.83984375
0.83984375
0.83984375
0.83984375
0.83984375
0.83984375
0.83984375
0.83984375
0.83984375
0.83984375
0.83984375
0.83984375
0.83984375
0.83984375
0.83984375
0.83984375
0.83984375
0.83984375
0.83984375
0.83984375
0.83984375
0.83984375
0.83984375
0.83984375
0.83984375
0.83984375
0.83984375
0.83984375
0.83984375
0.83984375
0.83984375
0.83984375
0.83984375
0.83984375
0.83984375
0.83984375
0.83984375
0.83984375
0.83984375
0.83984375
0.83984375
0.83984375
0.83984375
0.83984375
0.83984375
0.83984375
0.83984375
0.83984375
0.83984375
0.83984375
0.83984375
0.83984375
0.83984375
0.83984375
0.83984375
0.83984375
0.83984375
0.83984375
0.83984375
0.83984375
0.83984375
0.83984375
0.83984375
0.83984375
0.83984375
0.83984375
0.83984375
0.83984375
0.83984375
0.83984375
0.83984375
0.83984375
0.83984375
0.83984375
0.83984375
0.83984375
0.83984375
0.83984375
0.83984375
0.83984375
0.83984375
0.83984375
0.83984375
0.83984375
0.83984375
0.83984375
0.83984375
0.83984375
0.83984375
0.83984375
0.83984375
0.83984375
0.83984375
0.83984375
0.83984375
0.83984375
0.83984375
0.83984375
0.83984375
0.83984375
0.83984375
0.83984375
0.83984375
0.83984375
0.83984375
0.83984375
0.83984375
0.83984375
0.83984375
0.83984375
0.83984375
0.83984375
0.83984375
0.83984375
0.83984375
0.83984375
0.83984375
0.83984375
0.83984375
0.83984375
0.83984375
0.83984375
0.83984375
0.83984375
0.83984375
0.83984375
0.83984375
0.83984375
0.83984375
0.83984375
0.83984375
0.83984375
0.83984375
0.83984375
0.83984375
0.83984375
0.83984375
0.83984375
0.83984375
0.83984375
0.83984375
0.83984375
0.83984375
0.83984375
0.83984375
0.83984375
0.83984375
0.83984375
0.83984375
0.83984375
0.83984375
0.83984375
0.83984375
0.83984375
0.83984375
0.83984375
0.83984375
0.83984375
0.83984375
0.83984375
0.83984375
0.83984375
0.83984375
0.83984375
0.83984375
0.83984375
0.83984375
0.83984375
0.83984375
0.83984375
0.83984375
0.83984375
0.83984375
0.83984375
0.83984375
0.83984375
0.83984375
0.83984375
0.83984375
0.83984375
0.83984375
0.83984375
0.83984375
0.83984375
0.83984375
0.83984375
0.83984375
0.83984375
0.83984375
0.83984375
0.83984375
0.83984375
0.83984375
0.83984375
0.83984375
0.83984375
0.83984375
0.83984375
0.83984375
0.83984375
0.83984375
0.83984375
0.83984375
0.83984375
0.83984375
0.83984375
0.83984375
0.83984375
0.83984375
0.83984375
0.83984375
0.83984375
0.83984375
0.83984375
0.83984375
0.83984375
0.83984375
0.83984375
0.83984375
0.83984375
0.83984375
0.83984375
0.83984375
0.83984375
0.83984375
0.83984375
0.83984375
0.83984375
0.83984375
0.83984375
0.83984375
0.83984375
0.83984375
0.83984375
0.83984375
0.83984375
0.83984375
0.83984375
0.83984375
0.83984375
0.83984375
0.83984375
0.83984375
0.83984375
0.83984375
0.83984375
0.83984375
0.83984375
0.83984375
0.83984375
0.83984375
0.83984375
0.83984375
0.83984375
0.83984375
0.83984375
0.83984375
0.83984375
0.83984375
0.83984375
0.83984375
0.83984375
0.83984375
0.83984375
0.83984375
0.83984375
0.83984375
0.83984375
0.83984375
0.83984375
0.83984375
0.83984375
0.83984375
0.83984375
0.83984375
0.83984375
0.83984375
0.83984375
0.83984375
0.83984375
0.83984375
0.83984375
0.83984375
0.83984375
0.83984375
0.83984375
0.83984375
0.83984375
0.83984375
0.83984375
0.83984375
0.83984375
0.83984375
0.83984375
0.83984375
0.83984375
0.83984375
0.83984375
0.83984375
0.83984375
0.83984375
0.83984375
0.83984375
0.83984375
0.83984375
0.83984375
0.83984375
0.83984375
0.83984375
0.83984375
0.83984375
0.83984375
0.83984375
0.83984375
0.83984375
0.83984375
0.83984375
0.83984375
0.83984375
0.83984375
0.83984375
0.83984375
0.83984375
0.83984375
0.83984375
0.83984375
0.83984375
0.83984375
0.83984375
0.83984375
0.83984375
0.83984375
0.83984375
0.83984375
0.83984375
0.83984375
0.83984375
0.83984375
0.83984375
0.83984375
0.83984375
0.83984375
0.83984375
0.83984375
0.83984375
0.83984375
0.83984375
0.83984375
0.83984375
0.83984375
0.83984375
0.83984375
0.83984375
0.83984375
0.83984375
0.83984375
0.83984375
0.83984375
0.83984375
0.83984375
0.83984375
0.83984375
0.83984375
0.83984375
0.83984375
0.83984375
0.83984375
0.83984375
0.83984375
0.83984375
0.83984375
0.83984375
0.83984375
0.83984375
0.83984375
0.83984375
0.83984375
0.83984375
0.83984375
0.83984375
0.83984375
0.83984375
0.83984375
0.83984375
0.83984375
0.83984375
0.83984375
0.83984375
0.83984375
0.83984375
0.83984375
0.83984375
0.83984375
0.83984375
0.83984375
0.83984375
0.83984375
0.83984375
0.83984375
0.83984375
0.83984375
0.83984375
0.83984375
0.83984375
0.83984375
0.83984375
0.83984375
0.83984375
0.83984375
0.83984375
0.83984375
0.83984375
0.83984375
0.83984375
0.83984375
0.83984375
0.83984375
0.83984375
0.83984375
0.83984375
0.83984375
0.83984375
0.83984375
0.83984375
0.83984375
0.83984375
0.83984375
0.83984375
0.83984375
0.83984375
0.83984375
0.83984375
0.83984375
0.83984375
0.83984375
0.83984375
0.83984375
0.83984375
0.83984375
0.83984375
0.83984375
0.83984375
0.83984375
0.83984375
0.83984375
0.83984375
0.83984375
0.83984375
0.83984375
0.83984375
0.83984375
0.83984375
0.83984375
0.83984375
0.83984375
0.83984375
0.83984375
0.83984375
0.83984375
0.83984375
0.83984375
0.83984375
0.83984375
0.83984375
0.83984375
0.83984375
0.83984375
0.83984375
0.83984375
0.83984375
0.83984375
0.83984375
0.83984375
0.83984375
0.83984375
0.83984375
0.83984375
0.83984375
0.83984375
0.83984375
0.83984375
0.83984375
0.83984375
0.83984375
0.83984375
0.83984375
0.83984375
0.83984375
0.83984375
0.83984375
0.83984375
0.83984375
0.83984375
0.83984375
0.83984375
0.83984375
0.83984375
0.83984375
0.83984375
0.83984375
0.83984375
0.83984375
0.83984375
0.83984375
0.83984375
0.83984375
0.83984375
0.83984375
0.83984375
0.83984375
0.83984375
0.83984375
0.83984375
0.83984375
0.83984375
0.83984375
0.83984375
0.83984375
0.83984375
0.83984375
0.83984375
0.83984375
0.83984375
0.83984375
0.83984375
0.83984375
0.83984375
0.83984375
0.83984375
0.83984375
0.83984375
0.83984375
0.83984375
0.83984375
0.83984375
0.83984375
0.83984375
0.83984375
0.83984375
0.83984375
0.83984375
0.83984375
0.83984375
0.83984375
0.83984375
0.83984375
0.83984375
0.83984375
0.83984375
0.83984375
0.83984375
0.83984375
0.83984375
0.83984375
0.83984375
0.83984375
0.83984375
0.83984375
0.83984375
0.83984375
0.83984375
0.83984375
0.83984375
0.83984375
0.83984375
0.83984375
0.83984375
0.83984375
0.83984375
0.83984375
0.83984375
0.83984375
0.83984375
0.83984375
0.83984375
0.83984375
0.83984375
0.83984375
0.83984375
0.83984375
0.83984375
0.83984375
0.83984375
0.83984375
0.83984375
0.83984375
0.83984375
0.83984375
0.83984375
0.83984375
0.83984375
0.83984375
0.83984375
0.83984375
0.83984375
0.83984375
0.83984375
0.83984375
0.83984375
0.83984375
0.83984375
0.83984375
0.83984375
0.83984375
0.83984375
0.83984375
0.83984375
0.83984375
0.83984375
0.83984375
0.83984375
0.83984375
0.83984375
0.83984375
0.83984375
0.83984375
0.83984375
0.83984375
0.83984375
0.83984375
0.83984375
0.83984375
0.83984375
0.83984375
0.83984375
0.83984375
0.83984375
0.83984375
0.83984375
0.83984375
0.83984375
0.83984375
0.83984375
0.83984375
0.83984375
0.83984375
0.83984375
0.83984375
0.83984375
0.83984375
0.83984375
0.83984375
0.83984375
0.83984375
0.83984375
0.83984375
0.83984375
0.83984375
0.83984375
0.83984375
0.83984375
0.83984375
0.83984375
0.83984375
0.83984375
0.83984375
0.83984375
0.83984375
0.83984375
0.83984375
0.83984375
0.83984375
0.83984375
0.83984375
0.83984375
0.83984375
0.83984375
0.83984375
0.83984375
0.83984375
0.83984375
0.83984375
0.83984375
0.83984375
0.83984375
0.83984375
0.83984375
0.83984375
0.83984375
0.83984375
0.83984375
0.83984375
0.83984375
0.83984375
0.83984375
0.83984375
0.83984375
0.83984375
0.83984375
0.83984375
0.83984375
0.83984375
0.83984375
0.83984375
0.83984375
0.83984375
0.83984375
0.83984375
0.83984375
0.83984375
0.83984375
0.83984375
0.83984375
0.83984375
0.83984375
0.83984375
0.83984375
0.83984375
0.83984375
0.83984375
0.83984375
0.83984375
0.83984375
0.83984375
0.83984375
0.83984375
0.83984375
0.83984375
0.83984375
0.83984375
0.83984375
0.83984375
0.83984375
0.83984375
0.83984375
0.83984375
0.83984375
0.83984375
0.83984375
0.83984375
0.83984375
0.83984375
0.83984375
0.83984375
0.83984375
0.83984375
0.83984375
0.83984375
0.83984375
0.83984375
0.83984375
0.83984375
0.83984375
0.83984375
0.83984375
0.83984375
0.83984375
0.83984375
0.83984375
0.83984375
0.83984375
0.83984375
0.83984375
0.83984375
0.83984375
0.83984375
0.83984375
0.83984375
0.83984375
0.83984375
0.83984375
0.83984375
0.83984375
0.83984375
0.83984375
0.83984375
0.83984375
0.83984375
0.83984375
0.83984375
0.83984375
0.83984375
0.83984375
0.83984375
0.83984375
0.83984375
0.83984375
0.83984375
0.83984375
0.83984375
0.83984375
0.83984375
0.83984375
0.83984375
0.83984375
0.83984375
0.83984375
0.83984375
0.83984375
0.83984375
0.83984375
0.83984375
0.83984375
0.83984375
0.83984375
0.83984375
0.83984375
0.83984375
0.83984375
0.83984375
0.83984375
0.83984375
0.83984375
Epoch times (seconds):
7.469277381896973
4.8722686767578125
5.206077814102173
5.227008581161499
4.97439169883728
6.877790212631226
5.134593486785889
4.41960597038269
5.266690731048584
5.1564741134643555
7.575872182846069
5.3900251388549805
4.803239345550537
5.1340556144714355
5.420822620391846
7.185686111450195
5.5434181690216064
4.984851598739624
5.156505107879639
5.013507604598999
7.442588567733765
5.141107082366943
4.777251958847046
5.2576189041137695
5.185859441757202
7.058136224746704
5.146472930908203
5.057121276855469
5.458336591720581
5.788385391235352
7.815342426300049
5.404133558273315
5.193685531616211
5.0146636962890625
5.894527435302734
7.4637956619262695
6.1676061153411865
6.024213552474976
4.39421010017395
5.155434846878052
6.9666428565979
5.794291257858276
4.995586395263672
4.612974166870117
4.81006646156311
6.65195631980896
5.012253284454346
5.061938285827637
4.592755556106567
4.883194923400879
6.857723951339722
5.441606283187866
5.674075126647949
5.06550931930542
4.975062370300293
7.229466438293457
5.003218412399292
4.990575551986694
5.189105749130249
4.530572414398193
6.828194856643677
4.8167126178741455
5.225986957550049
5.087129354476929
4.602120637893677
7.1652750968933105
4.957606554031372
5.041898012161255
4.8702232837677
4.898449420928955
6.57295036315918
4.971283912658691
4.919553995132446
4.903519153594971
5.666324615478516
6.634506702423096
5.256972074508667
5.257250785827637
5.237937927246094
5.774919509887695
6.642441034317017
6.7713782787323
5.5046067237854
6.095653295516968
5.548705339431763
6.978288412094116
5.411077260971069
4.958451509475708
5.430094242095947
5.146815061569214
7.733865261077881
7.399062395095825
6.8301379680633545
6.973822593688965
7.297465562820435
9.178017854690552
7.292717933654785
7.496588706970215
7.627042055130005
7.997317552566528
9.738090991973877
7.441265106201172
7.050770282745361
6.9467058181762695
7.4377453327178955
9.84456992149353
7.137620449066162
7.063476324081421
7.142172574996948
6.874460458755493
9.7662935256958
7.583592176437378
8.683905839920044
7.665747165679932
7.027009010314941
9.1876220703125
6.697359085083008
7.258758783340454
7.110903024673462
8.101504802703857
9.579377889633179
6.7089197635650635
7.180680274963379
7.119971752166748
7.352395057678223
10.29408073425293
5.650498151779175
5.125292539596558
5.071075439453125
5.097854375839233
7.670042276382446
4.502668857574463
5.154145002365112
5.512668609619141
5.070820331573486
7.251765966415405
4.646193504333496
5.18440580368042
5.679492950439453
5.496386289596558
7.296094179153442
5.03285026550293
5.602697372436523
5.67092752456665
5.405930995941162
8.098295450210571
5.335747480392456
5.1986613273620605
5.504177570343018
5.298703193664551
7.84209942817688
5.432865381240845
4.712753534317017
5.237519264221191
5.106712818145752
6.78494930267334
5.18432092666626
4.626787424087524
5.996808767318726
8.489712953567505
9.204200506210327
7.900893211364746
6.737923622131348
7.362159252166748
7.336361646652222
10.661752223968506
7.420751571655273
6.918105602264404
7.403228759765625
7.181582927703857
9.618564128875732
7.68096661567688
7.2085959911346436
6.833370685577393
7.713454484939575
9.772244215011597
5.362614154815674
4.968394756317139
4.781053066253662
5.0752198696136475
7.5075294971466064
5.520375967025757
5.296963930130005
4.777450323104858
4.9649200439453125
7.598318338394165
5.431838512420654
5.039975881576538
4.79132604598999
5.262450695037842
7.223449230194092
5.56599497795105
5.068460702896118
4.729340314865112
5.048316955566406
7.070956230163574
5.26442289352417
5.583977699279785
5.6716835498809814
4.715487957000732
7.309049367904663
5.296753406524658
5.697102785110474
5.124094724655151
4.451656103134155
7.105930805206299
5.216542720794678
5.5812013149261475
5.10892391204834
5.008662223815918
7.214646577835083
5.4500041007995605
6.059868812561035
5.82490086555481
5.046741724014282
7.4985339641571045
5.287077903747559
5.944243431091309
5.653512239456177
5.3881144523620605
7.220655918121338
5.320856809616089
5.999414443969727
5.311842679977417
5.237391233444214
6.931128740310669
5.126543998718262
5.216078758239746
5.198396444320679
5.126828193664551
6.702006816864014
5.2566750049591064
5.106991529464722
5.17232084274292
5.430766344070435
7.588948011398315
5.180617332458496
5.39585542678833
5.5122692584991455
5.3111252784729
6.9524524211883545
5.080935716629028
5.659468650817871
5.380848407745361
5.552177667617798
7.866024017333984
5.44947075843811
5.742006301879883
5.358809471130371
5.483642339706421
7.15928840637207
5.379266262054443
5.534965515136719
5.590946197509766
5.488802194595337
7.989699840545654
5.542527198791504
5.407252550125122
5.650776147842407
5.787992477416992
7.3648200035095215
5.172739744186401
5.887958526611328
5.354820013046265
5.209855079650879
7.666669845581055
4.8078062534332275
5.387074947357178
5.369490623474121
5.27314567565918
7.783303260803223
5.4338178634643555
5.4303929805755615
5.574652910232544
5.200258016586304
7.206120491027832
5.112351179122925
5.0688982009887695
5.305591344833374
5.264404296875
7.706945896148682
5.291684150695801
5.847720146179199
6.259849548339844
5.474142074584961
7.512044906616211
5.371080636978149
5.429924011230469
5.417630434036255
5.131216526031494
7.277105808258057
5.8990864753723145
6.835794925689697
7.418749094009399
7.482531785964966
9.74092721939087
6.848086595535278
7.688960313796997
8.212918281555176
7.814924955368042
11.527236461639404
6.7763917446136475
7.417942523956299
7.62406587600708
7.300778865814209
10.210002183914185
6.494807243347168
8.013737916946411
7.821659564971924
8.03530240058899
10.277724504470825
7.049143552780151
7.196255207061768
7.305269479751587
7.595923900604248
10.60524606704712
7.090568542480469
6.983874320983887
7.3019139766693115
7.558572769165039
10.070749521255493
5.532232761383057
5.353744983673096
5.350993871688843
5.203541994094849
7.186620712280273
5.629040479660034
5.619523525238037
6.055620908737183
6.1266467571258545
9.11951208114624
5.452508449554443
5.808506965637207
6.075605154037476
5.383855581283569
7.158100605010986
5.367162466049194
5.306296110153198
5.1486897468566895
5.342994689941406
7.54316782951355
5.506717920303345
5.38557243347168
5.4387006759643555
5.525343418121338
7.982722282409668
5.494574785232544
5.333364725112915
5.590475559234619
5.563392877578735
7.513781547546387
5.4140307903289795
5.643711090087891
5.741976737976074
5.697777509689331
7.543752431869507
5.396547794342041
5.381337404251099
5.7955145835876465
5.594003915786743
7.648970127105713
5.651540279388428
5.273056745529175
5.311014413833618
5.3637566566467285
7.6871018409729
5.373164892196655
5.152731895446777
6.342196226119995
5.297418832778931
7.473929405212402
5.533267259597778
5.457016229629517
5.378242015838623
5.28018856048584
7.97302770614624
5.652030944824219
6.332981824874878
6.2574615478515625
5.134040832519531
6.798789739608765
5.555750846862793
5.007301568984985
5.701706886291504
5.517529726028442
7.251584768295288
5.230001449584961
5.450880289077759
5.547193765640259
5.454832315444946
7.815038442611694
5.355862140655518
5.618713140487671
5.536341667175293
5.749775648117065
8.218810558319092
7.71023154258728
7.307345390319824
7.402711391448975
7.892282962799072
8.401538133621216
7.554347515106201
8.57474684715271
8.194082736968994
8.426829099655151
8.719245433807373
8.53972864151001
7.6436686515808105
8.908294916152954
8.311787843704224
9.761608362197876
8.209994792938232
7.873491287231445
7.698747396469116
7.201452016830444
10.964465856552124
8.226630449295044
7.46054220199585
7.133885383605957
8.13978099822998
10.91054630279541
9.042205095291138
7.271499156951904
8.361510515213013
7.351364374160767
11.29990005493164
9.19983959197998
8.935943841934204
9.200578689575195
8.25914716720581
10.136051177978516
5.676664113998413
5.643661737442017
5.291491508483887
5.222353458404541
8.26003122329712
5.450483322143555
5.393627643585205
5.433652400970459
4.592941761016846
7.128550052642822
5.265063524246216
5.5677649974823
5.205671310424805
5.548058032989502
9.256205797195435
6.989598512649536
7.013835668563843
7.089803218841553
6.968271732330322
9.417479276657104
6.957099914550781
7.0187461376190186
7.415994882583618
6.415066480636597
8.542847156524658
6.560859203338623
6.371193885803223
7.027366876602173
6.984981060028076
8.835132837295532
7.272034168243408
6.869769096374512
6.766587972640991
6.240321636199951
7.982937574386597
6.61395525932312
6.6853508949279785
7.204349994659424
6.714656352996826
8.865450382232666
7.660032510757446
7.190589666366577
7.952973365783691
7.019301652908325
8.301666736602783
6.74079442024231
7.311110973358154
7.020554304122925
7.169914484024048
8.57223629951477
5.723114252090454
4.9477057456970215
5.35751485824585
4.9291698932647705
6.676447629928589
5.0038721561431885
5.167445659637451
5.19970440864563
4.985284328460693
7.6680803298950195
5.225956916809082
5.093070983886719
5.144014596939087
5.163938045501709
7.6819844245910645
5.1016576290130615
5.401316404342651
5.54668664932251
5.49692964553833
7.3198113441467285
5.342564105987549
5.286813259124756
5.166337251663208
5.223391056060791
7.299322128295898
4.607539892196655
5.2472639083862305
4.806459188461304
4.9922404289245605
6.911351203918457
4.763366937637329
4.940166711807251
5.093104839324951
5.0582215785980225
6.981757164001465
4.5036399364471436
5.2137837409973145
5.3670814037323
5.567286252975464
7.597524642944336
5.024694204330444
4.941501617431641
5.088921546936035
5.268507719039917
7.514709949493408
4.892610311508179
4.673758268356323
5.353907346725464
5.409296035766602
8.024691104888916
6.639695167541504
6.940469980239868
8.380429744720459
7.722679853439331
9.456446647644043
7.712373971939087
6.500035524368286
7.596035480499268
7.439499139785767
9.815150260925293
7.22228741645813
6.873343467712402
7.433440446853638
7.295327186584473
10.232828855514526
7.956924676895142
6.416080713272095
7.4776763916015625
7.814287185668945
9.952156782150269
5.203171968460083
4.567758560180664
5.39435887336731
5.5682432651519775
7.79788875579834
5.462834596633911
5.190095901489258
5.479088544845581
5.507967710494995
7.0374977588653564
5.359703779220581
5.127118825912476
4.947188854217529
5.3102991580963135
7.301936388015747
5.743310213088989
5.195409774780273
4.650577545166016
4.967943906784058
7.470034599304199
5.332203149795532
5.222426414489746
4.893394470214844
5.318375110626221
7.152967929840088
5.278575658798218
5.396066665649414
5.6375412940979
5.809031009674072
7.47757363319397
5.264725923538208
5.374619722366333
5.138679265975952
5.1069395542144775
7.315154075622559
5.490064859390259
5.795902729034424
5.201737642288208
5.332991600036621
7.260277509689331
5.545770883560181
5.322760820388794
5.165760040283203
4.924123048782349
7.325127840042114
5.138414144515991
5.647597789764404
5.125758647918701
5.348096609115601
7.775847673416138
5.389136075973511
5.171909332275391
5.271244049072266
5.197632789611816
7.919849157333374
6.379220247268677
5.379175662994385
5.677460432052612
4.870214223861694
7.856645822525024
5.44550347328186
5.196361303329468
5.76374363899231
5.293060779571533
7.4066290855407715
5.594142436981201
5.2278947830200195
5.304583787918091
5.446531534194946
7.780791282653809
5.482928276062012
5.187043190002441
5.265910863876343
4.846566915512085
6.545789003372192
5.399473667144775
5.340137481689453
5.189383029937744
5.394802808761597
7.160716533660889
5.156299829483032
5.5193586349487305
5.660377025604248
5.751436233520508
7.3200695514678955
5.607832670211792
5.4693639278411865
5.634892463684082
5.318479776382446
6.970441818237305
5.230324983596802
5.2624640464782715
5.129940986633301
5.309216499328613
7.808510780334473
5.648584604263306
5.2596564292907715
5.434388637542725
5.865054368972778
7.740265130996704
4.853433132171631
5.136625051498413
5.096533536911011
5.525660753250122
7.694752931594849
4.702773332595825
5.320327281951904
5.343660593032837
5.294814586639404
7.19393515586853
4.609156131744385
5.354488849639893
5.447060585021973
5.439417123794556
7.752350568771362
5.190788745880127
5.73936128616333
5.3715293407440186
5.1987762451171875
7.5903849601745605
5.312274932861328
5.045832395553589
5.34528660774231
6.007741212844849
7.341240882873535
5.5151519775390625
5.079042196273804
5.262049198150635
6.025743007659912
7.819639682769775
5.150665044784546
4.594735383987427
5.119404554367065
5.72027587890625
7.69538426399231
5.4514405727386475
4.829126596450806
5.239246129989624
5.055615663528442
6.9839301109313965
5.106388330459595
5.051652669906616
4.971208572387695
5.3325018882751465
7.761394500732422
5.128518342971802
5.449194431304932
4.725910902023315
5.487767696380615
7.448392391204834
5.12790060043335
5.8309221267700195
4.65867805480957
5.22333025932312
7.521684408187866
5.366573333740234
5.430023908615112
5.034605026245117
7.13095235824585
9.06737470626831
6.953898906707764
7.867409706115723
6.472910165786743
7.354532718658447
9.79017972946167
7.289337873458862
7.128657341003418
6.620689392089844
7.353623390197754
9.66718053817749
7.360062122344971
7.886199474334717
7.1124396324157715
8.19955849647522
8.770676136016846
8.35063362121582
10.090139627456665
9.639832496643066
9.852310180664062
11.648497819900513
10.103473901748657
8.17532229423523
6.8337578773498535
8.642817258834839
11.22373342514038
8.65399956703186
8.35136365890503
7.667722940444946
8.193127155303955
10.08932876586914
8.524489164352417
7.885153770446777
7.07861328125
8.66640567779541
10.014999628067017
7.891990900039673
8.581880331039429
6.513314723968506
7.285466432571411
10.009891510009766
7.663407802581787
7.249411344528198
6.086590766906738
7.389086008071899
9.165296792984009
6.796006917953491
7.55107307434082
5.918298959732056
7.649998903274536
9.391253471374512
7.150444030761719
7.695542335510254
6.788167238235474
8.481043100357056
10.022367000579834
7.593000650405884
7.537265062332153
6.933624029159546
7.958743095397949
10.628502607345581
8.52490758895874
7.595577955245972
6.882930755615234
8.43302869796753
10.790238380432129
8.514557123184204
9.037485361099243
7.160749435424805
9.087658405303955
10.54285454750061
5.744808673858643
5.255512475967407
5.53113317489624
5.718056678771973
8.801140069961548
5.909083604812622
5.559413194656372
5.043526887893677
5.830825328826904
8.53723669052124
6.154648542404175
5.657312631607056
5.010066986083984
6.26387619972229
7.5381317138671875
5.544760704040527
5.743952512741089
5.528635025024414
5.895530462265015
7.742249965667725
5.946025848388672
5.359171390533447
4.870352029800415
5.317716598510742
7.360264301300049
5.36701774597168
5.12857985496521
4.820714473724365
5.23296332359314
7.4381256103515625
5.895640850067139
5.141299486160278
5.771255970001221
7.571272373199463
9.262344121932983
7.105770587921143
6.769648313522339
6.844244718551636
6.898918151855469
10.329707145690918
7.03390908241272
7.412075042724609
6.366374254226685
7.049410820007324
11.014929294586182
7.945867300033569
7.980997562408447
6.984861850738525
8.685612440109253
10.727436542510986
8.209274291992188
8.350829124450684
7.347654819488525
7.653178691864014
10.450371026992798
8.45712161064148
8.198126077651978
7.634031772613525
9.437485218048096
10.333055019378662
8.221946716308594
7.2491371631622314
6.251579999923706
7.310866355895996
10.01698350906372
6.989898681640625
7.066022157669067
6.849658727645874
7.105004787445068
9.197049617767334
7.463062763214111
7.597235679626465
6.647661209106445
8.601142406463623
9.939125299453735
7.318572282791138
7.06758189201355
6.391260385513306
6.618871212005615
9.596201181411743
7.465622425079346
6.821637392044067
6.833608150482178
7.413158178329468
9.793916702270508
7.415812730789185
8.204215288162231
7.717243194580078
7.85398268699646
10.114921569824219
7.536844253540039
6.438441276550293
7.412191867828369
7.997008800506592
10.067753314971924
7.410206317901611
6.75220513343811
7.307565927505493
6.745945453643799
8.869285106658936
7.20588493347168
7.86765456199646
7.548197507858276
7.239233493804932
10.144002437591553
7.301569700241089
7.528754949569702
7.5086669921875
7.853811979293823
11.317507982254028
7.64913535118103
8.167747735977173
7.895331621170044
9.434576272964478
10.636991739273071
7.7284345626831055
6.5892064571380615
7.834860324859619
8.546679258346558
10.942883968353271
8.055482387542725
7.437510251998901
5.373556137084961
5.8064353466033936
7.4611194133758545
5.475895404815674
5.18793249130249
5.705047607421875
5.316546678543091
7.596349477767944
7.522732496261597
7.335604429244995
7.624582767486572
6.9800286293029785
9.529988527297974
8.0417320728302
7.545482873916626
7.489819288253784
7.0298192501068115
9.52515196800232
8.136505842208862
7.458338022232056
8.20259404182434
7.943867444992065
9.477608680725098
7.287075042724609
7.712542295455933
8.279133796691895
7.704427003860474
10.346761226654053
7.411632776260376
8.167656421661377
7.2428460121154785
7.559533357620239
10.357930183410645
6.538445472717285
8.507664442062378
7.970512628555298
8.039897680282593
10.212323188781738
6.675617933273315
8.174175500869751
8.086522579193115
7.810577392578125
10.552940130233765
4.856550931930542
6.199206113815308
5.7990336418151855
5.850975513458252
8.181346893310547
5.643304347991943
6.829590320587158
5.546977281570435
6.225658178329468
8.915748119354248
6.670400381088257
7.307817220687866
7.7441794872283936
6.1039745807647705
11.614274263381958
4.882845640182495
6.452561140060425
6.652793645858765
5.6280598640441895
8.385503053665161
5.419763565063477
6.455348968505859
6.503732919692993
6.080062627792358
7.887714147567749
5.992570638656616
5.63559103012085
5.866342782974243
5.619595527648926
8.534654378890991
5.672300100326538
5.7373011112213135
5.676493406295776
5.421255350112915
6.948318719863892
5.393872261047363
5.852106094360352
6.0816650390625
5.313468933105469
7.634965896606445
4.82964825630188
5.041664361953735
5.4312427043914795
6.103140830993652
8.271308422088623
5.57953143119812
5.428183078765869
5.006676912307739
5.231713771820068
6.773128986358643
4.849457263946533
5.241462707519531
5.322117328643799
5.240483045578003
