0.05926700509697586
0.013672514419470514
0.010345484767093028
0.00867186974959843
0.00865128759125417
0.007905382711391944
0.007473818850965598
0.007470316750509463
0.006826042224858682
0.006846448241277433
0.007196762576876651
0.006712770963377961
0.006743301536678236
0.006756602923559162
0.006938019901457609
0.006610789077227443
0.006421814288629533
0.006788009417835961
0.00653539283717156
0.006119037788861242
0.006588827551532036
0.006350994322779568
0.006232089587805785
0.006431110110537056
0.006817802638662132
0.006379600222226538
0.006416604047826616
0.006702279234587243
0.0070014298314962425
0.0058842971810095365
0.006486404039070527
0.0064157702188003506
0.0059627051428928005
0.006832479569835194
0.00649236172167544
0.006588629953909939
0.006726813119598282
0.006444345213255131
0.006564423251389103
0.00623539667395125
0.006570242207247393
0.006513848528870708
0.006381415817443104
0.006179401155125785
0.006618091773072427
0.006459716870751861
0.0064760117259408745
0.006191963095064738
0.007007112141972754
0.006386607248352203
0.006628294630597035
0.00675363979782119
0.0065735652518672345
0.006129222621665501
0.006638307169732916
0.006476119110255917
0.006624682122051265
0.006892002858947237
0.006594024487726745
0.006575152056203002
0.006309699944474481
0.006534349847609153
0.006349135929057415
0.006737738708638912
0.00661317886405693
0.0065859612309297315
0.006661283684837998
0.006598021006574492
0.006391712634731487
0.006121734315448831
0.007179389621062583
0.00663365165952964
0.005870227130468596
0.0064937210575278315
0.006183942613591041
0.006714595423293707
0.006037094052760051
0.007176572327941527
0.006084041567156454
0.006435762558664594
0.006810935381477401
0.0069418928225109455
0.006741624551289009
0.006242041377294244
0.0065963196596412945
0.006716975148009273
0.006463724608811272
0.00661475810794829
0.006631393174064301
0.006848371892087
0.005948104587226332
0.006261295995783883
0.006343038081397097
0.0068750876905114364
0.0062988937401023265
0.007043203647405683
0.006259550517868428
0.0068440539510396525
0.006840790724744658
0.0067079445050859995
0.006127447167056657
0.006820017071763352
0.00645978610309494
0.006319935975830147
0.006627257855899342
0.0064439288848503066
0.00661195105433593
0.006922576703469862
0.00627053514711591
0.006093211190823417
0.006591588254711587
0.006059858621424669
0.0062571908558972855
0.007038630117779171
0.006390279414962768
0.0067671381332206
0.006298205222595821
0.0062635337734328845
0.006762887536673061
0.006680812466954127
0.006291291592803933
0.006468401506172243
0.006592635561216188
0.006736612407030997
0.006678485226902095
0.006339307480342525
0.006631634190065778
0.006220030102443385
0.005921797931710363
0.006516298749867133
0.00630070804416714
0.0059488086479421685
0.007206035459422188
0.0066293822299060105
0.006412189578822939
0.006080581975931471
0.0063544741561596015
0.007024394162805566
0.006708267314190214
0.006285406295331074
0.006419128903643393
0.007226410646443114
0.006330276333456819
0.006371695242894741
0.006212760420169407
0.006212046239887933
0.006553572143964244
0.006790556505451471
0.00592594367181842
0.006548817040705126
0.006486300287316694
0.006395607907526614
0.006273526537082928
0.00759065021998632
0.005956521421041969
0.006449579820641643
0.006269237786547575
0.006688365183601325
0.006673544128243993
0.006508854660306335
0.006504935882703373
0.006451975382880602
0.006589859785528216
0.006517231577273571
0.006140036364307716
0.006722003275939784
0.006503290416132578
0.00638281215119349
0.0065602091296265526
0.006629878626854131
0.00649851793826465
0.006367079902529007
0.006435855850174184
0.006797143248075143
0.006728437769496854
0.006756874263988106
0.00659674582438487
0.0067683942525272635
0.006519965679300102
0.006742473581838079
0.006595135183633987
0.006300876346453057
0.006391469097909924
0.006671090543802295
0.006515344688507579
0.006231035158296168
0.006463164239879939
0.006787837948650122
0.0062871123381862135
0.006761700024796061
0.006497210086206401
0.006843886158763717
0.00673482063613445
0.007565795202050116
0.006594702458307469
0.00640626658999978
0.006254327064178465
0.006719699421760453
0.006169826414202263
0.006576427976193624
0.006426508669455201
0.006207137807066758
0.006587369737388703
0.0060237610291334846
0.005867374430962907
0.006109251046061387
0.006729404692985602
0.006219147015121076
0.006833185715947574
0.006876098465787255
0.006401214739549663
0.006987305086920465
0.006436838331991137
0.006333932760312702
0.006821768755472197
0.006917701260029495
0.006817627333314259
0.006175683031173109
0.0063026318098801425
0.006726102208017142
0.006407073648541649
0.007058835573276722
0.006687117258723809
0.005980919867157291
0.006975034976507098
0.006213028951511755
0.006805278075600922
0.006385173410725542
0.006649361705625212
0.0062202533860227244
0.006763426584969738
0.006535437176794265
0.006871795388607881
0.006226306268138996
0.006213269388964359
0.0065955922140606815
0.006227747754907453
0.006547405357266982
0.006920037944337506
0.0066612083757159124
0.006207352069718562
0.006760329716673597
0.0060243814018478385
0.00612957478456554
0.006404470648310143
0.006951114007582267
0.006987943973198726
0.0061755959676312545
0.00631429585406468
0.007070164496554828
0.006449092510136175
0.006890251309292399
0.00671522624314928
0.006593976833039161
0.006378525629180011
0.006534012772336409
0.006669434802445434
0.006661009097883067
0.006592412384476883
0.0060577195659844265
0.006384242545748815
0.006667329075048754
0.006555561014568006
0.005826298324834733
0.00721949616596264
0.006317081093159202
0.00647415315180017
0.006489404372354865
0.00594169763118448
0.006134735429417584
0.0064260254551563815
0.006888663738933734
0.006228821436789903
0.006589505587627878
0.006684265619555077
0.00637162527879821
0.006697769903727037
0.006135897919559827
0.006361729770826248
0.0067693906074220486
0.006898565032394418
0.006495399666684014
0.00626511179571931
0.0060736676365604775
0.007042485428369278
0.006849961598238453
0.006258170743315638
0.00621473643569945
0.006355931375627265
0.006597784329689555
0.006628985740486291
0.00637902366904566
0.006163862993481097
0.006869391897024014
0.006253646845925293
0.006424431611473362
0.006789195672830655
0.006993980537011445
0.00631643726704118
0.006543869743309109
0.006549249619882538
0.006954659215976923
0.00694180161841375
0.006448842427850544
0.006119566453515967
0.006349246437939537
0.006339241407843896
0.006766909894682628
0.006421506938068962
0.006399119445183254
0.006129602249510167
0.006652260876514695
0.006850671156176499
0.006575395215052741
0.006521503537796534
0.006607666225636225
0.006444086612996472
0.006726377458186635
0.006268131758340381
0.006642824952043109
0.006741986763199944
0.006254790485856724
0.006337496926766131
0.00706361700655707
0.006264669591867369
0.006730825357034286
0.0067084564593544
0.006493204746000243
0.006225370356482474
0.006333365103076675
0.006146117552985876
0.006506815787557981
0.006361279985363478
0.006305123582579099
0.006048147092891849
0.006452213862943121
0.006785584811234113
0.006031228366481277
0.0064799868344486535
0.006369421367424649
0.006519306673833624
0.006241521796058395
0.006935564361641676
0.006466949810132835
0.0066535549593113716
0.007097055023794115
0.006456557994918067
0.006857694971306628
0.006281226234373463
0.006812431383877993
0.006077027403914825
0.0064860562848338445
0.007279209874255897
0.006262214703170897
0.0064419427729368985
0.0063103006555985065
0.006325026229225518
0.007030980695780867
0.0064924489132237514
0.0060110561342031025
0.006833513047610655
0.006364053379324995
0.006566969643536455
0.006408554506871156
0.006365123650389703
0.0069042023843823574
0.006268920852637395
0.006537544924072373
0.006484982250177692
0.00651055011390285
0.006710556265192501
0.006696145060306891
0.0059907857421382426
0.006523097897537085
0.006819249796015876
0.006549496550387118
0.007074995260701809
0.006528337170607793
0.005639725526012641
0.0069979232215842645
0.006454973307224515
0.006504406338130241
0.006306040977647939
0.006668019830148458
0.00640141520270215
0.006494874835167548
0.006487209362973705
0.00607188013825743
0.006722225809623024
0.006865819008996734
0.006128686093180985
0.006522565952086926
0.006859757734898043
0.006296931099735233
0.006347595138507553
0.006256862180670361
0.006272452369380694
0.006408755555627988
0.006540334695805009
0.006568189830321706
0.006426185080217141
0.005934858991002495
0.006799322868459475
0.006837386343612042
0.005910463428560209
0.006024883113583767
0.0063903166517389545
0.0069896561795144115
0.006202082712106503
0.005926093982645508
0.006961453695946828
0.006703755978567453
0.006607272234862243
0.006680184464248551
0.006723562626418097
0.006427216488722857
0.006343907556694114
0.006112180263191075
0.006670802788309011
0.006445552796947879
0.006330362112902395
0.006768503139658278
0.006623238033828732
0.0062478860372524245
0.006287064093862584
0.006414249565581352
0.00653045740809082
0.006572257130693047
0.00712493445534759
0.006487460077228226
0.006791272671344928
0.006151787069872086
0.006736941208248531
0.006535430686766064
0.006511007824678829
0.007311232113863999
0.006293197186639557
0.006895491758611424
0.0061960550895952555
0.0063709911529490825
0.006606556267529984
0.00650169693127081
0.006539314026738722
0.005960908065271842
0.006854811095676962
0.0063558129656221315
0.006704328800410483
0.00666042369512188
0.006319233026855436
0.00665004299026289
0.0066963926550339566
0.0064832728831863504
0.006738329700343472
0.006434138452037524
0.007018947440655136
0.006729999865562498
0.006291934698255676
0.006817928689745662
0.006571010174431326
0.006576324708243727
0.006988899833704164
0.006519062526209594
0.006680079887004255
0.006299372401604534
0.00651354702427435
0.006410377295647478
0.006455480949590345
0.006632705766393186
0.00733915213253591
0.006718098199059501
0.0065896584444731735
0.005930728785032447
0.0073812367209108365
0.006885901003777659
0.006610636939032576
0.006791493281907527
0.006388587312716426
0.006453285900900116
0.006851998115466399
0.006616275231414414
0.006813700466106336
0.0064253525725803725
0.006497719307990495
0.006819838626729526
0.006486062816186965
0.00673246774842632
0.006133691729268148
0.007012327211743697
0.006932828609642142
0.005913597626361625
0.006748284290855129
0.006524365510210976
0.00653236298882342
0.0067066878193255625
0.006803512250706231
0.006078699906054255
0.006189575271672887
0.006967701466383163
0.006608866088624511
0.006962158624485974
0.006634298050816441
0.006819741953632016
0.006187241925612028
0.006453305392151142
0.00594909297548299
0.006397315489483022
0.007024463030279844
0.006437652544783694
0.006973452314742523
0.005695101684080316
0.0064117934220184235
0.006533231723295662
0.006350290849683927
0.006902119194185643
0.006565780185356543
0.006460659278484134
0.006538027244341838
0.006747073322550688
0.00644984441906117
0.006320922145644179
0.006905823408775193
0.006760688638717775
0.006872166581129357
0.0063690527713176235
0.006307767644661652
0.006735037836887232
0.006369551685054129
0.006571135733647522
0.006739516418983603
0.006642158709676106
0.006755083013180788
0.006506825171338467
0.0065982563781967285
0.006295785450001622
0.006527081520994117
0.00619558837805024
0.00606846305021605
0.006290960675952109
0.00659898814575916
0.00644909217348927
0.006421708000936743
0.006864767317011049
0.006429198951948257
0.006582257876100091
0.006275962904152094
0.006837285270922499
0.006592429166425874
0.0067454371782769635
0.005968431196300498
0.006234608825449369
0.006693839416053001
0.006233285497712754
0.006421770910567149
0.006205083260078838
0.006276977552883166
0.006392072950735753
0.006974366936002136
0.006328774870119311
0.006591090363010893
0.006178198506233174
0.006208219623910788
0.0068205417702337364
0.006642232814327979
0.006621979108459248
0.006410490307207038
0.0067194573051050244
0.0064393714034034835
0.006463206443709858
0.006136139550395471
0.0065569899133628325
0.006298057772259498
0.0064977783834747165
0.005894293852384279
0.006715606220743873
0.006843069433214473
0.006826158799432637
0.00661964993621525
0.0064454818944732995
0.006196148797377815
0.006810224520292504
0.006754449615053414
0.006299010973859143
0.006131492210431145
0.006058520634428828
0.006446939113940963
0.006637830732720884
0.006103458113815167
0.006087349858780057
0.006807398087308778
0.006534724658580892
0.006479748458202396
0.006307350230721749
0.006314031554998838
0.006402378028976324
0.006397365105592392
0.006384759708972914
0.006263899296376999
0.006746631406965259
0.00656816803495444
0.00740234310904042
0.006839068210381385
0.006548131143803269
0.006410249362768227
0.006498179388397828
0.006745867270903734
0.006303181109780615
0.0058969110452057995
0.00659663095421186
0.006396666892856617
0.006790810598270137
0.006100856588177737
0.006897929304952681
0.006394678331685789
0.006574779884986483
0.00636291310586261
0.006122054848658703
0.00649047077198017
0.00659260813558063
0.006398982538748935
0.006791350556722967
0.0064481068493242
0.006404974951420899
0.006096215776542758
0.006440814149070096
0.006912962058800962
0.006498611803283488
0.0066141724975545815
0.006579938070501858
0.006583453351591444
0.00649281518304019
0.006117757586197871
0.006384832095112893
0.006291718436888866
0.00676154446268043
0.0063392176238408725
0.00665203789632074
0.006243149771101095
0.006214157961413781
0.006663639955141972
0.00657462269406427
0.006646552729900136
0.006295021234314034
0.006876508759745917
0.006338756780434416
0.0061910209504008554
0.0065809623761610555
0.006804273054568153
0.006245898881128856
0.0066484581554123075
0.006694249919660035
0.0060637466855411664
0.006482862916803269
0.006405048616617531
0.006199990203644419
0.006616364250330504
0.0061145155878084435
0.0069138068681607
0.006260022151110557
0.006075236535111031
0.006919816135352244
0.0064875564146867565
0.006658428109722671
0.006458323214049914
0.006369203833048736
0.006520910088771156
0.006227091546432474
0.006203749879299627
0.006419497722501814
0.0061419204046780414
0.006450918604906051
0.006001164660954372
0.006418955153523586
0.006146917767717918
0.006287844329507965
0.006358379053629257
0.006105395959230599
0.006237627373951854
0.006224584155937745
0.006708659263916346
0.006437882163170806
0.006569318956135091
0.006794704518430096
0.0065854596290576125
0.005882770447987757
0.006661831332749619
0.006337883939676277
0.006703615273264321
0.006080747949910951
0.005908903002626065
0.006347534017943781
0.006984099955398799
0.00637988576834852
0.006066912565444842
0.006364087326234424
0.00625388214296109
0.006119416288837984
0.006074698321376141
0.006344852709005792
0.006293288770724426
0.006853813208736383
0.006312392160167425
0.00706858467915422
0.00616985875246361
0.006717938911653571
0.005986292406037708
0.006298923091882299
0.0069049933393086705
0.00631966543468562
0.006244597718667933
0.006212193798072217
0.0063418660482222385
0.006049810317082903
0.006599643583171618
0.007282706368633937
0.006867328612335445
0.006402973669230357
0.0064792576401184005
0.0064156181884534435
0.006517691481294054
0.005981294928094396
0.0062114916403185234
0.006719966503706845
0.006049075541872676
0.006200197199157952
0.006596533918261399
0.006442201190761158
0.0064302253389722985
0.006399004027707043
0.0066340545835416945
0.006007280881069116
0.00679524273922046
0.0063669858127429245
0.006495343970771863
0.006240034859941958
0.006320235843556526
0.006401669242100798
0.006395343892695584
0.0067835579428708916
0.00660934697360897
0.006653940847377369
0.006134534849345813
0.005887958760377326
0.006362953799821082
0.006448216756475178
0.006383821139418524
0.006327060865665669
0.0061353257196064374
0.006588124140927737
0.006701754784066375
0.006597450101804553
0.006541928635240891
0.0061843995956373425
0.006062830355848908
0.006752424093277811
0.00640262651269312
0.006530273242075464
0.005908229149418411
0.006564239481488219
0.0066297187881133
0.006370383292613994
0.006665775594724851
0.006876555908455219
0.006841013867214515
0.006542926889066121
0.006415717505337872
0.006476991026746956
0.006705971787486113
0.006256794013703863
0.006612762702967633
0.006073264735730695
0.006327016857650244
0.006159830724546339
0.006429667279196831
0.006732598748420934
0.006680721798065034
0.006802949860885546
0.006585760894775777
0.006155973221719652
0.006355123351493374
0.0058972968234079865
0.006344604475254362
0.006269499048735801
0.006037784333127144
0.00663119007619622
0.006787533635975091
0.006313250015098682
0.006761294245332866
0.006663305779669063
0.006105101722780438
0.006300433106454355
0.005938322343803071
0.006908062721493763
0.006360298631414449
0.00647606546446294
0.006706266758713501
0.006474453161643955
0.006342271017313842
0.00623691760938921
0.006192732908767023
0.006383374895803727
0.006105673074061091
0.006330204251710148
0.006604649057990803
0.0058989202426303
0.00624271395446902
0.006494318327596371
0.006890414016587394
0.006587259509717619
0.006164798042353936
0.006479118964775946
0.006811110998274057
0.005907021438727131
0.006504881745043062
0.006329974363199173
0.006301936520126475
0.006645846872054266
0.006059986054373187
0.0065139474012602715
0.006658873021868723
0.006566645070563728
0.006238876822811765
0.006571774054479934
0.0061274128845082475
0.006549666228490475
0.006332497078183538
0.006294737804834268
0.006535023172664178
0.0066110938767301826
0.006114765023006312
0.006315474162579744
0.006329907483352727
0.005848022199989785
0.006532768599963162
0.00573914542641023
0.006549101682718505
0.0066302523976474095
0.006264217265426016
0.0064108108182425625
0.006197961604674206
0.006401467089666239
0.006571119905195453
0.0060289509148937675
0.006439934533041019
0.006631127993064203
0.006372590422291647
0.007008896703182748
0.00640264021946335
0.0062101344795679895
0.0064354157770754065
0.00662863196087477
0.006140743445774371
0.00604668653215326
0.006543806204733588
0.006462858582633141
0.0071728572731200625
0.0064546169674838385
0.005977317248370289
0.00681744453202917
0.00607092233346493
0.006459317693196527
0.006517415389507299
0.006017596758216684
0.0066388924303766965
0.006486951089282701
0.0065323308581945955
0.0063061746032868245
0.006826186240187068
0.0064291501855195474
0.006217959033551089
0.0064033039682242394
0.006412974857116416
0.006140486405783401
0.006715347434019113
0.00612157180973881
0.006252816507342832
0.006152707615714052
0.006561592106356636
0.006560098418151533
0.006136062988422779
0.006543931404120607
0.0061800250827911355
0.006148717271414025
0.006596222897846397
0.006349628410217437
0.006293028924670635
0.006127619673397183
0.006115423401543524
0.0063314427424109344
0.007221220454273673
0.006230862001844105
0.006757504713935253
0.006156937346201052
0.006315808098166536
0.006773663733106155
0.006760553785426405
0.006462281109216861
0.006152503946352573
0.006350202062590556
0.00623845834147943
0.006643734503440656
0.006777209032214049
0.006225419994766191
0.0064715720094272716
0.0067849409911636405
0.006169662356287951
0.006625420465315511
0.006070637357828421
0.006494168492509818
0.006774236209230957
0.00653086625769315
0.006468246556874929
0.006450477511787311
0.006163986719281965
0.0060314962537596365
0.00619263541017905
0.006484838901087642
0.006213136733957119
0.006140798173070728
0.006472749788781781
0.006262042135346955
0.0066873356901528515
0.006789061642005975
0.00672968365332652
0.006180410103033825
0.0063390971304550445
0.00643408102551838
0.006840124063080911
0.006512571897285132
0.0065762892121537814
0.006566181867605164
0.006646090656825345
0.006081714058996408
0.006241094306901548
0.006299764905689341
0.00657259852794761
0.006219977672207794
0.006469362332723486
0.0065871935410352495
0.006429111695892754
0.005923740807678792
0.006001812510708452
0.006842006233750613
0.006334086274325009
0.006577232915069505
0.006406890060067241
0.006579826597035641
0.006264337790057514
0.007047736088975103
0.0068566972315230795
0.007144881682510758
0.006428273527749947
0.00645610399330559
0.006633488498668456
0.006850306219844656
0.006156338348549294
0.006732962343204783
0.006268343585845712
0.0060783163180727975
0.006098726479078591
0.00647779616317611
0.006915900364389151
0.006562189859221185
0.006248950845364368
0.00617570300018052
0.006765150130440147
0.006548496590145093
0.006259992194575664
0.006250841841424182
0.005927252996454894
0.006641242408205743
0.006038238779234486
0.006471352574105064
0.006299504194836015
0.0061350341017450735
0.006443310847497863
0.00679158945205053
0.006107552683593713
0.006730278638429391
0.00653520952184479
0.006180320908738809
0.006547775534808119
0.0062515660596293805
0.006832397340300989
0.006263189883580133
0.006435485007402636
0.00586323932043047
0.007060977791585189
0.006093306972915347
0.006688973725293622
0.006535378145658737
0.00629356962394824
0.006142425589723053
0.006226800623031341
0.006446398375354288
0.0063806223860453995
0.006052324578601432
0.006168209804520333
0.0066582606954185605
0.006302311982217676
0.00667688933914745
