Total time: 8054.16 seconds
CPU Usage (%):
59.2
73.2
79.8
79.6
76.8
70.5
69.3
78.6
75.7
78.3
74.1
70.4
74.8
79.0
76.9
68.5
69.8
76.1
77.3
83.6
71.0
78.8
79.7
74.8
77.4
70.1
72.7
77.0
76.4
78.5
67.9
78.3
79.3
77.7
78.3
67.2
79.2
78.8
76.8
77.3
68.3
76.9
77.3
80.3
78.8
67.3
74.7
78.2
75.9
78.0
67.4
73.1
73.3
77.1
76.0
67.9
79.4
76.3
76.2
74.0
64.8
77.8
78.7
73.6
74.0
67.8
77.4
77.9
75.5
76.2
64.1
75.8
76.0
76.3
72.9
70.2
77.1
76.6
77.6
71.6
73.4
80.4
76.2
76.3
68.0
71.2
79.5
81.4
66.9
76.5
73.3
81.3
81.6
71.8
75.1
73.3
76.0
76.9
72.6
76.7
72.7
75.6
79.7
74.2
76.8
69.5
78.0
77.2
76.6
78.0
69.0
77.4
75.1
77.6
79.1
75.9
76.7
72.9
77.7
77.6
72.5
76.2
74.5
79.9
79.2
76.3
80.8
69.3
76.3
74.9
68.3
71.3
74.6
75.0
75.9
72.7
69.8
70.8
78.2
73.4
72.2
71.5
75.1
79.7
78.3
75.5
69.0
74.9
82.3
76.4
70.7
73.7
83.1
81.0
83.0
69.9
82.7
77.9
76.6
76.4
63.4
81.4
78.5
79.4
76.2
65.7
73.8
73.3
77.3
76.6
67.1
78.3
76.4
75.9
80.7
68.2
76.6
73.1
75.7
75.3
66.8
78.0
78.4
77.2
77.5
67.6
76.5
74.5
75.2
76.7
67.5
80.4
75.5
77.0
67.6
71.2
77.5
76.4
78.1
69.3
73.4
74.1
76.8
77.7
71.1
70.6
78.6
77.8
76.5
69.6
70.4
77.7
77.8
71.6
76.6
70.6
77.9
71.9
72.2
79.0
71.9
77.0
78.2
71.9
78.9
72.4
79.1
80.6
69.2
80.0
75.0
76.4
74.5
67.8
75.7
72.5
76.3
75.9
76.2
75.7
72.2
78.4
72.4
74.1
77.2
74.8
76.7
70.4
80.4
78.9
71.5
76.6
71.9
76.2
77.3
72.0
77.8
66.4
79.4
79.2
76.4
74.9
70.8
78.4
77.2
74.6
77.5
72.5
79.0
77.5
72.6
74.6
71.3
73.6
77.9
73.4
75.1
68.9
75.7
76.3
74.8
72.2
68.6
76.2
74.2
70.2
77.5
68.1
76.7
78.9
69.8
72.6
72.4
75.2
77.6
73.3
77.4
70.6
77.2
77.2
75.6
69.8
73.1
78.8
74.2
70.7
71.0
77.4
77.0
76.0
77.5
72.1
80.5
79.5
79.2
72.2
74.2
78.1
76.3
77.2
69.7
75.8
79.1
74.1
75.0
68.5
77.2
76.4
77.1
80.0
64.2
79.2
75.4
77.7
74.9
67.0
76.2
77.6
76.5
74.6
65.0
75.0
76.2
76.9
76.2
68.4
76.4
77.3
78.1
76.8
65.8
77.4
77.9
75.5
77.3
71.0
76.0
72.0
75.3
75.9
67.2
75.2
74.9
78.2
75.5
70.5
76.0
79.2
76.2
70.8
73.4
76.9
78.9
81.0
67.4
73.7
76.3
77.6
77.4
66.3
73.6
75.3
76.4
80.6
70.4
73.6
77.3
76.1
79.1
74.2
76.3
78.5
79.5
77.0
69.8
73.5
77.9
79.7
73.7
75.0
71.6
75.0
76.0
71.7
78.1
74.0
79.5
75.1
73.1
73.5
70.9
76.0
77.1
71.4
77.0
71.5
77.3
78.3
76.3
76.8
72.6
76.3
69.4
76.8
75.6
71.9
77.5
69.4
77.0
79.3
72.6
73.8
71.0
76.1
76.3
72.2
75.4
71.8
77.1
78.2
70.4
75.2
74.5
76.1
76.0
73.1
68.4
77.3
77.1
80.3
72.0
68.5
78.5
75.0
76.3
73.1
70.8
74.9
77.1
76.1
69.9
73.2
74.7
75.4
74.6
62.3
73.2
78.1
74.2
76.0
70.1
75.6
77.4
76.9
71.3
67.3
76.3
82.2
74.9
80.4
62.6
82.1
76.9
77.5
78.1
67.5
77.2
76.9
75.5
75.5
67.6
73.2
73.6
78.7
74.2
64.2
76.8
76.9
71.2
75.4
67.4
76.7
77.7
77.0
76.7
70.6
76.6
78.7
75.9
74.4
73.0
75.9
75.3
78.9
72.8
71.3
76.4
76.7
79.9
72.8
73.0
76.5
73.5
78.1
74.3
68.9
75.8
78.4
75.0
74.4
72.5
76.7
77.8
72.1
77.0
73.2
75.2
73.4
70.2
76.2
71.0
76.0
76.4
67.1
75.0
71.4
76.0
74.6
68.8
75.2
68.9
75.2
75.4
68.2
78.2
72.0
76.6
79.8
70.7
72.0
72.1
77.7
75.3
70.7
75.0
68.9
76.0
77.8
69.1
77.9
76.5
76.2
77.6
69.8
78.2
73.6
75.5
78.2
67.2
77.5
73.8
76.8
70.2
71.1
72.4
72.0
76.1
68.2
73.2
78.7
71.8
73.2
68.9
73.8
77.7
70.6
76.5
68.2
71.5
76.9
72.2
75.8
69.8
72.1
74.1
67.7
75.3
68.7
76.4
79.8
70.8
79.4
69.7
78.9
78.1
68.6
71.8
73.6
78.4
77.7
74.0
70.7
74.4
78.4
75.5
72.9
68.9
78.3
75.7
81.9
72.6
69.7
74.9
80.0
77.8
71.9
70.4
76.5
77.2
76.5
63.7
76.6
80.3
76.9
74.3
66.7
76.2
76.6
78.0
77.2
63.0
77.1
78.0
78.0
77.0
69.1
73.9
76.0
76.0
74.5
62.4
74.7
77.4
72.2
76.8
64.5
74.8
77.3
72.1
76.3
65.9
76.5
77.2
77.9
76.9
66.8
75.1
74.5
76.7
74.8
69.7
76.3
78.3
76.8
76.9
65.4
75.8
75.8
77.7
76.4
61.8
76.3
75.4
76.4
79.7
67.2
76.6
76.8
76.0
72.3
69.3
76.0
78.3
75.4
76.2
69.8
76.9
80.9
78.1
73.1
69.1
78.7
76.3
80.5
71.9
73.3
75.5
77.9
80.6
70.4
72.3
74.8
78.3
71.7
79.8
72.6
80.0
79.2
68.8
77.3
75.5
74.8
78.8
67.9
74.4
72.3
75.9
71.6
71.5
76.3
68.2
76.8
71.9
76.9
76.3
72.5
76.9
73.4
76.8
77.7
70.6
75.9
69.4
74.7
75.7
68.9
73.9
67.0
77.3
77.4
71.7
77.4
68.3
77.2
75.7
70.0
75.4
71.1
77.3
80.0
74.8
74.5
67.9
76.5
77.4
73.7
73.0
72.1
75.3
78.2
70.8
71.1
75.1
74.5
74.9
71.7
71.8
70.1
77.0
77.4
75.2
68.7
75.4
76.1
75.7
71.4
69.4
76.1
75.1
74.4
72.8
69.6
77.1
77.1
74.8
73.7
72.1
74.4
78.0
77.4
71.7
67.4
76.2
78.7
76.2
71.6
73.6
80.5
78.0
77.4
70.5
72.7
77.2
75.9
75.5
66.0
78.3
78.3
76.4
73.5
70.2
79.3
75.3
76.2
76.7
66.1
75.4
78.0
76.9
78.1
64.4
78.1
81.2
77.0
76.5
66.2
77.6
77.1
77.7
75.2
66.9
79.7
76.6
80.2
75.5
70.1
76.3
78.0
74.9
73.6
72.6
79.2
75.5
74.0
68.8
68.7
75.2
76.2
77.3
74.7
69.6
75.8
75.4
76.0
67.9
70.6
78.6
75.4
79.9
70.8
68.3
74.9
76.3
74.6
70.2
72.0
81.0
76.8
77.1
69.4
72.8
76.1
73.7
75.8
69.7
75.3
75.3
76.8
75.2
74.3
73.7
72.8
74.0
78.0
65.2
70.1
79.6
78.4
75.0
71.3
69.4
77.6
76.5
79.4
65.1
72.4
73.5
73.3
73.2
64.3
71.4
74.0
73.9
73.8
68.7
73.4
75.6
74.3
72.8
73.5
74.1
75.3
76.1
71.4
73.2
73.4
75.1
76.6
72.1
77.2
74.9
75.6
76.8
69.6
80.0
74.4
74.6
66.9
50.4
47.8
46.3
49.1
44.6
50.1
55.8
42.1
45.5
49.5
51.3
53.0
42.1
50.8
51.5
50.8
50.8
42.1
52.1
51.9
49.4
52.8
45.3
45.5
49.7
52.3
52.4
43.1
49.7
48.2
51.0
51.9
42.5
49.1
53.6
50.5
51.1
43.0
54.9
50.7
48.1
54.0
39.6
45.6
51.8
50.0
50.6
42.8
51.9
51.5
50.0
52.4
RAM Usage (GB):
45.058841705322266
45.097965240478516
45.111637115478516
45.14849853515625
45.06294250488281
45.09497833251953
45.132179260253906
45.19160079956055
45.242706298828125
45.22320556640625
45.27116012573242
45.30168533325195
45.34768295288086
45.23241424560547
45.24613952636719
45.3316764831543
45.32296371459961
45.268646240234375
45.243953704833984
45.241371154785156
45.24441146850586
45.25199890136719
45.309391021728516
45.36969757080078
45.28759002685547
45.28619384765625
45.31147766113281
45.28122329711914
45.23197555541992
45.28876495361328
45.24123001098633
45.480690002441406
45.72605895996094
45.71500778198242
45.646629333496094
45.72466278076172
45.73097229003906
45.771610260009766
45.800968170166016
45.66856002807617
45.64004898071289
45.716915130615234
45.63980484008789
45.22396469116211
45.22315979003906
45.26974105834961
45.30302810668945
45.26573944091797
45.35274124145508
45.347721099853516
45.33779525756836
45.32533645629883
45.25115203857422
45.17844772338867
45.283775329589844
45.25339126586914
45.25880432128906
45.258628845214844
45.2265739440918
45.3282585144043
45.302738189697266
45.2578010559082
45.24721908569336
45.29672622680664
45.54780197143555
45.3214111328125
45.34382247924805
45.28379821777344
45.30280685424805
45.30955123901367
45.27458190917969
45.288597106933594
45.24665069580078
45.29536056518555
45.261085510253906
45.27122497558594
45.336036682128906
45.36985397338867
45.48492431640625
45.36380386352539
45.35579299926758
45.394344329833984
45.39663314819336
45.424705505371094
45.42961502075195
45.40130615234375
45.414546966552734
45.3775634765625
45.38845443725586
45.32121276855469
45.341087341308594
45.33012008666992
45.366455078125
45.350303649902344
45.36450958251953
45.3189811706543
45.36774444580078
45.3908576965332
45.410396575927734
45.39634704589844
45.42710494995117
45.35326385498047
45.507286071777344
45.34378433227539
45.32677459716797
45.32802200317383
45.52006912231445
45.36190414428711
45.31159973144531
45.331031799316406
45.304649353027344
45.29314041137695
45.34809112548828
45.302066802978516
45.25899887084961
45.26448440551758
45.28144454956055
45.23606872558594
45.280052185058594
45.24625778198242
45.2322883605957
45.349632263183594
45.2916259765625
45.275238037109375
45.28999710083008
45.24855041503906
45.2451171875
45.255523681640625
45.2216682434082
45.190670013427734
45.221920013427734
45.231876373291016
45.28664016723633
45.2308464050293
45.23191833496094
45.32368087768555
45.384735107421875
45.3883171081543
45.3697509765625
45.41383361816406
45.40865707397461
45.37822723388672
45.3679084777832
45.291507720947266
45.48680877685547
45.3166389465332
45.428836822509766
45.440185546875
45.411643981933594
45.41895294189453
45.35976791381836
45.372562408447266
45.459861755371094
45.464759826660156
45.437313079833984
45.51158142089844
45.47570037841797
45.49308395385742
45.45977783203125
45.44352340698242
45.46010971069336
45.68608474731445
45.94418716430664
45.977535247802734
46.02981185913086
46.11622619628906
46.02333068847656
46.030738830566406
46.062721252441406
46.041358947753906
46.10557556152344
46.1488037109375
46.18378448486328
46.58647155761719
48.0270881652832
50.32195281982422
45.410160064697266
45.42556381225586
45.43782424926758
45.40049743652344
45.358917236328125
45.33131408691406
45.26130676269531
45.31201934814453
45.320552825927734
45.34104537963867
45.30279541015625
45.264503479003906
45.23154067993164
45.23094940185547
45.223758697509766
45.28871536254883
45.231685638427734
45.27482604980469
45.323116302490234
45.337989807128906
45.364864349365234
45.36159896850586
45.356781005859375
45.3204460144043
45.31327438354492
45.35006332397461
45.29985046386719
45.27287292480469
45.286163330078125
45.22187805175781
45.226829528808594
45.24065017700195
45.30946350097656
45.27730178833008
45.28256607055664
45.29066467285156
45.2753791809082
45.271728515625
45.24187469482422
45.222816467285156
45.257110595703125
45.276424407958984
45.247493743896484
45.262229919433594
45.26911163330078
45.301265716552734
45.29127502441406
45.2841911315918
45.25063705444336
45.283409118652344
45.27228927612305
45.32941818237305
45.367034912109375
45.32737350463867
45.297332763671875
45.331153869628906
45.366973876953125
45.289451599121094
45.367225646972656
45.28451919555664
45.227943420410156
45.31285858154297
45.32060241699219
45.315311431884766
45.33332824707031
45.34809112548828
45.369754791259766
45.334022521972656
45.31704330444336
45.28548812866211
45.29564666748047
45.261295318603516
45.389617919921875
45.3266487121582
45.339317321777344
45.34420394897461
45.30207443237305
45.3088264465332
45.29810333251953
45.314327239990234
45.329158782958984
45.32905960083008
45.2775993347168
45.289268493652344
45.2861213684082
45.32123565673828
45.32857131958008
45.289710998535156
45.28484344482422
45.309688568115234
45.304019927978516
45.28466033935547
45.24895477294922
45.37308120727539
45.26817321777344
45.291324615478516
45.40515899658203
45.34513854980469
45.35171890258789
45.282955169677734
45.31222152709961
45.39605712890625
45.3176383972168
45.321449279785156
45.325401306152344
45.370277404785156
45.390132904052734
45.3751220703125
45.35160446166992
45.35462188720703
45.35824203491211
45.34062957763672
45.4156608581543
45.40132141113281
45.34485626220703
45.316650390625
45.32395935058594
45.31983947753906
45.3288688659668
45.3806037902832
45.32050704956055
45.348121643066406
45.30604934692383
45.28668212890625
45.32322692871094
45.343849182128906
45.257232666015625
45.30662155151367
45.31984329223633
45.337772369384766
45.3275260925293
45.3347282409668
45.323707580566406
45.3481559753418
45.41421127319336
45.40548324584961
45.37614059448242
45.341880798339844
45.34236526489258
45.411285400390625
45.390193939208984
45.36030197143555
45.37889099121094
45.33451843261719
45.31269454956055
45.28813171386719
45.357391357421875
45.284053802490234
45.387332916259766
45.35371780395508
45.38450622558594
45.3304443359375
45.283294677734375
45.39020538330078
45.439598083496094
45.39961242675781
45.4285774230957
45.36848831176758
45.33445358276367
45.33047103881836
45.312599182128906
45.343482971191406
45.35542297363281
45.35007095336914
45.32278823852539
45.30759811401367
45.287994384765625
45.29679489135742
45.32027053833008
45.302974700927734
45.300506591796875
45.28256607055664
45.35054016113281
45.26926040649414
45.28732681274414
45.315635681152344
45.33002853393555
45.38998031616211
45.3077392578125
45.297969818115234
45.40790939331055
45.445377349853516
45.383575439453125
45.350467681884766
45.27180099487305
45.308753967285156
45.32539367675781
45.30967330932617
45.31940460205078
45.328739166259766
45.33773422241211
45.3787956237793
45.345027923583984
45.319305419921875
45.257835388183594
45.29204177856445
45.33343505859375
45.29224395751953
45.296653747558594
45.25368118286133
45.31572341918945
45.2928466796875
45.257476806640625
45.31915283203125
45.274513244628906
45.27265167236328
45.30681228637695
45.29621505737305
45.32640838623047
45.33301544189453
45.245079040527344
45.25839614868164
45.25971603393555
45.32383728027344
45.399471282958984
45.38716125488281
45.422794342041016
45.31880569458008
45.344112396240234
45.38193893432617
45.33618927001953
45.27014923095703
45.306156158447266
45.2925910949707
45.35877990722656
45.29053497314453
45.263179779052734
45.25473403930664
45.269832611083984
45.275760650634766
45.270442962646484
45.25538635253906
45.29029083251953
45.30022430419922
45.268714904785156
45.26317596435547
45.263160705566406
45.311683654785156
45.2320556640625
45.24074172973633
45.3115348815918
45.317256927490234
45.39485549926758
45.39814376831055
45.35155487060547
45.299400329589844
45.25310134887695
45.39054870605469
45.38674545288086
45.35622024536133
45.37419128417969
45.31373596191406
45.23817443847656
45.25444030761719
45.32950973510742
45.35114669799805
45.34518814086914
45.30205535888672
45.330718994140625
45.323455810546875
45.38331604003906
45.31585693359375
45.37549591064453
45.525672912597656
45.42564392089844
45.40745544433594
45.34185028076172
45.308109283447266
45.29045104980469
45.39678192138672
45.39481735229492
45.50474548339844
45.44883728027344
45.442222595214844
45.338069915771484
45.33941650390625
45.380550384521484
45.32425308227539
45.3352165222168
45.37321090698242
45.36598205566406
45.347347259521484
45.31117630004883
45.33731460571289
45.34874725341797
45.340335845947266
45.367469787597656
45.2652473449707
45.216453552246094
45.267486572265625
45.291160583496094
45.27908706665039
45.38615036010742
45.327999114990234
45.296485900878906
45.3291130065918
45.24811553955078
45.318111419677734
45.3407096862793
45.30400085449219
45.36457443237305
46.10953140258789
46.024436950683594
45.91960144042969
46.032798767089844
46.62643051147461
46.6143913269043
46.584381103515625
46.48440170288086
46.4416389465332
46.47603225708008
46.487464904785156
46.534210205078125
46.55344009399414
46.57276153564453
46.57464599609375
46.55366134643555
46.54265213012695
46.52405548095703
46.53790283203125
46.518802642822266
46.58424377441406
46.5234375
46.47068786621094
46.41746520996094
46.45406723022461
46.4869384765625
46.50407409667969
46.503440856933594
46.518672943115234
46.55817413330078
46.437191009521484
46.39866638183594
46.439239501953125
46.38274002075195
46.40377426147461
46.4357795715332
45.66902160644531
45.6538200378418
45.683170318603516
45.68113327026367
45.67482376098633
45.642765045166016
45.66508483886719
45.601619720458984
45.61041259765625
45.6102294921875
45.619720458984375
45.62556838989258
45.61084747314453
45.624385833740234
45.73444366455078
45.60932540893555
45.593074798583984
45.657691955566406
45.6286735534668
45.64148712158203
45.62331008911133
45.651920318603516
45.66899490356445
45.588199615478516
45.6481819152832
45.61467742919922
45.63694763183594
45.571632385253906
45.6524772644043
45.67750549316406
45.62811279296875
45.559547424316406
45.63407897949219
45.60335159301758
45.59375
45.596866607666016
45.63882064819336
45.69300079345703
45.695701599121094
45.61899948120117
45.66291427612305
45.555633544921875
45.600196838378906
45.60963439941406
45.620208740234375
45.60546875
45.579471588134766
45.579917907714844
45.55858612060547
45.62279510498047
45.59083557128906
45.59477233886719
45.589664459228516
45.62260055541992
45.64157485961914
45.594051361083984
45.62812423706055
45.634056091308594
45.676292419433594
45.66867446899414
45.63579559326172
45.67740249633789
45.68900680541992
45.60554122924805
45.630149841308594
45.691776275634766
45.622100830078125
45.657257080078125
45.65719985961914
45.663597106933594
45.63267135620117
45.6258659362793
45.65552520751953
45.710968017578125
45.73611068725586
45.79168701171875
45.712982177734375
45.70806884765625
45.697364807128906
45.744224548339844
45.74544143676758
45.750850677490234
45.72601318359375
45.75642776489258
45.74755096435547
45.73783493041992
45.74148178100586
45.71658706665039
45.7479133605957
45.76006317138672
45.733516693115234
45.714656829833984
45.6297607421875
45.63437271118164
45.60226058959961
45.69939422607422
45.71700668334961
45.67772674560547
45.64516830444336
45.62592697143555
45.589820861816406
45.608219146728516
45.610374450683594
45.69114303588867
45.71104431152344
45.66992950439453
45.664527893066406
45.711116790771484
45.68233871459961
45.65902328491211
45.641319274902344
45.6894645690918
45.71092987060547
45.689697265625
45.61335754394531
45.637516021728516
45.67048263549805
45.6569938659668
45.686973571777344
45.64479446411133
45.60106658935547
45.63700485229492
45.59829330444336
45.59440612792969
45.614830017089844
45.5994758605957
45.617637634277344
45.59902572631836
45.678855895996094
45.63865280151367
45.710601806640625
45.67076873779297
45.723697662353516
45.697078704833984
45.67031478881836
45.693321228027344
45.66031265258789
45.643157958984375
45.68741989135742
45.73542404174805
45.70294952392578
45.7347526550293
45.71099090576172
45.717323303222656
45.72842025756836
45.73991394042969
45.752994537353516
45.7347526550293
45.716758728027344
45.7580451965332
45.725311279296875
45.69219207763672
45.67774963378906
45.71538162231445
45.763187408447266
45.75825881958008
45.740535736083984
45.736907958984375
45.73199462890625
45.6807975769043
45.628753662109375
45.701904296875
45.6522102355957
45.679969787597656
45.69118118286133
45.66383743286133
45.677886962890625
45.641563415527344
45.71965026855469
45.65340805053711
45.72745132446289
45.71095275878906
45.64961242675781
45.623409271240234
45.63299560546875
45.666778564453125
45.640045166015625
45.61674118041992
45.690521240234375
45.64174270629883
45.6415901184082
45.64743423461914
45.681182861328125
45.702091217041016
45.708587646484375
45.67262649536133
45.68440628051758
45.685874938964844
45.673526763916016
45.70955276489258
45.71158218383789
45.73811721801758
45.74238204956055
45.70341110229492
45.68212127685547
45.662513732910156
45.67109680175781
45.69809341430664
45.7696533203125
45.69610595703125
45.70695495605469
45.64540481567383
45.63680648803711
45.58515930175781
45.68356704711914
45.620521545410156
45.693931579589844
45.662574768066406
45.6568489074707
45.66755676269531
45.684532165527344
45.625282287597656
45.62651824951172
45.622657775878906
45.63518142700195
45.60755157470703
45.629878997802734
45.72957229614258
45.73038864135742
45.73039245605469
45.76307678222656
45.7009391784668
45.68949890136719
45.66661071777344
45.69056701660156
45.72806930541992
45.71482849121094
45.77906036376953
45.72734832763672
45.67633819580078
45.69990921020508
45.71736526489258
45.69139862060547
45.694374084472656
45.68196487426758
45.6910400390625
45.63672637939453
45.646263122558594
45.68297576904297
45.65464782714844
45.65332794189453
45.66124725341797
45.71076202392578
45.67093276977539
45.6441650390625
45.64636993408203
45.679466247558594
45.652950286865234
45.68967819213867
45.70644760131836
45.67238998413086
45.6621208190918
45.66611099243164
45.671875
45.63087463378906
45.716522216796875
45.67110824584961
45.66063690185547
45.72740936279297
45.73881912231445
45.72207260131836
45.648406982421875
45.69752883911133
45.671913146972656
45.68304443359375
45.673744201660156
45.693119049072266
45.69524383544922
45.70388412475586
45.69661331176758
45.69480895996094
45.70584487915039
45.72216033935547
45.73873519897461
45.7061882019043
45.72140884399414
45.65616989135742
45.61846160888672
45.60068893432617
45.657615661621094
45.67263412475586
45.64545440673828
45.615753173828125
45.629764556884766
45.72693634033203
45.64972686767578
45.637977600097656
45.628684997558594
45.66860580444336
45.60897445678711
45.65981674194336
45.67959213256836
45.667118072509766
45.64653015136719
45.70024490356445
45.670745849609375
45.717586517333984
45.6878776550293
45.64280700683594
45.71897888183594
45.678001403808594
45.6180305480957
45.62580871582031
45.65477752685547
45.58900451660156
45.738502502441406
45.623085021972656
45.703819274902344
45.61619567871094
45.59525680541992
45.594505310058594
45.56081008911133
45.58559799194336
45.56373977661133
45.600101470947266
45.670013427734375
45.62465286254883
45.6031379699707
45.61000442504883
45.639686584472656
45.65530776977539
45.616981506347656
45.61467361450195
45.63768768310547
45.718772888183594
45.614990234375
45.69072341918945
45.626888275146484
45.6543083190918
45.86952590942383
46.062255859375
46.097232818603516
46.23107147216797
46.307395935058594
46.3653678894043
46.36246871948242
46.33332061767578
46.38297653198242
46.44078063964844
46.44723129272461
46.62001419067383
46.6040153503418
45.9041748046875
45.9289665222168
45.93210220336914
45.93014907836914
45.88465118408203
45.76151657104492
45.73282241821289
45.81076431274414
45.77461624145508
45.77292251586914
45.71247482299805
45.75426483154297
45.77081298828125
45.701019287109375
45.659339904785156
45.74072265625
45.76879119873047
45.77076721191406
45.777896881103516
45.80786895751953
45.80012512207031
45.7129020690918
45.6992073059082
45.69092559814453
45.695465087890625
45.64399719238281
45.72053909301758
45.68104553222656
45.630462646484375
45.568817138671875
45.61994552612305
45.69306182861328
45.70086669921875
45.586334228515625
45.66478729248047
45.615020751953125
45.60626983642578
45.63754653930664
45.65094757080078
45.62934494018555
45.66265106201172
45.65080642700195
45.700504302978516
45.598506927490234
45.6072998046875
45.70213317871094
45.693077087402344
45.7519645690918
45.728111267089844
45.71977615356445
45.69001770019531
45.736900329589844
45.72882080078125
45.711395263671875
45.71332550048828
45.71489334106445
45.66535949707031
45.680572509765625
45.684486389160156
45.659217834472656
45.674625396728516
45.69926071166992
45.742408752441406
45.68195724487305
45.7361946105957
45.72804260253906
45.65935134887695
45.683448791503906
45.73711395263672
45.738040924072266
45.74641418457031
45.69692611694336
45.69843292236328
45.70639419555664
45.67863845825195
45.729373931884766
45.63673400878906
45.664710998535156
45.63215255737305
45.641822814941406
45.67839050292969
45.66777801513672
45.66349792480469
45.68155288696289
45.667388916015625
45.626625061035156
45.69947814941406
45.74691390991211
45.71278381347656
45.660099029541016
45.674537658691406
45.65410614013672
39.13801193237305
39.14299392700195
39.140380859375
39.11229705810547
39.144535064697266
39.14222717285156
39.15398406982422
39.154014587402344
39.14944839477539
39.16932678222656
39.15745162963867
39.146732330322266
39.16313934326172
39.1255989074707
39.12076187133789
39.13958740234375
39.159088134765625
39.194854736328125
39.19559860229492
39.19678497314453
39.20501708984375
39.16356658935547
39.16307830810547
39.14734649658203
39.17339324951172
39.19334411621094
39.220802307128906
39.21484375
39.1840934753418
39.18998718261719
39.182125091552734
39.18229293823242
39.1839599609375
39.19049835205078
39.177879333496094
39.163734436035156
39.14321517944336
39.12541580200195
39.14893341064453
39.123069763183594
39.09248733520508
39.07526779174805
39.088287353515625
39.098331451416016
39.113067626953125
39.140052795410156
39.15180587768555
39.17060089111328
39.19876480102539
39.1724739074707
39.15272521972656
39.184391021728516
39.16990661621094
GPU Usage (%):

.join(map(str, gpu_percent_usage))
GPU Memory Usage (GB):
79.056640625
79.13671875
79.13671875
79.13671875
79.13671875
79.13671875
79.13671875
79.13671875
79.13671875
79.13671875
79.13671875
79.13671875
79.13671875
79.13671875
79.13671875
79.13671875
79.13671875
79.13671875
79.13671875
79.13671875
79.13671875
79.13671875
79.13671875
79.13671875
79.13671875
79.13671875
79.13671875
79.13671875
79.13671875
79.13671875
79.13671875
79.13671875
79.13671875
79.13671875
79.13671875
79.13671875
79.13671875
79.13671875
79.13671875
79.13671875
79.13671875
79.13671875
79.13671875
79.13671875
79.13671875
79.13671875
79.13671875
79.13671875
79.13671875
79.13671875
79.13671875
79.13671875
79.13671875
79.13671875
79.13671875
79.13671875
79.13671875
79.13671875
79.13671875
79.13671875
79.13671875
79.13671875
79.13671875
79.13671875
79.13671875
79.13671875
79.13671875
79.13671875
79.13671875
79.13671875
79.13671875
79.13671875
79.12109375
79.119140625
79.119140625
79.119140625
79.119140625
79.119140625
79.119140625
79.119140625
79.119140625
79.119140625
79.119140625
79.119140625
79.119140625
79.119140625
79.119140625
79.119140625
79.119140625
79.119140625
79.119140625
79.119140625
79.119140625
79.119140625
79.119140625
79.119140625
79.119140625
79.119140625
79.119140625
79.119140625
79.119140625
79.119140625
79.119140625
79.119140625
79.119140625
79.119140625
79.119140625
79.119140625
79.119140625
79.119140625
79.119140625
79.119140625
79.119140625
79.119140625
79.119140625
79.119140625
79.119140625
79.119140625
79.119140625
79.119140625
79.119140625
79.119140625
79.119140625
79.119140625
79.119140625
79.119140625
79.119140625
79.119140625
79.119140625
79.119140625
79.119140625
79.119140625
79.119140625
79.119140625
79.119140625
79.119140625
79.119140625
79.119140625
79.119140625
79.119140625
79.119140625
79.119140625
79.119140625
79.119140625
79.119140625
79.119140625
79.119140625
79.119140625
79.119140625
79.119140625
79.119140625
79.119140625
79.119140625
79.119140625
79.119140625
79.119140625
79.119140625
79.119140625
79.119140625
79.119140625
79.119140625
79.119140625
79.119140625
79.119140625
79.119140625
79.119140625
79.119140625
79.119140625
79.119140625
79.119140625
79.119140625
79.119140625
79.119140625
79.119140625
79.119140625
79.119140625
79.119140625
79.119140625
79.119140625
79.119140625
79.119140625
79.119140625
79.119140625
79.119140625
79.119140625
79.119140625
79.119140625
79.119140625
79.119140625
79.119140625
79.119140625
79.119140625
79.119140625
79.119140625
79.119140625
79.119140625
79.119140625
79.119140625
79.119140625
79.12109375
79.119140625
79.119140625
79.119140625
79.119140625
79.119140625
79.119140625
79.119140625
79.119140625
79.119140625
79.119140625
79.119140625
79.119140625
79.119140625
79.119140625
79.119140625
79.119140625
79.119140625
79.119140625
79.119140625
79.119140625
79.119140625
79.119140625
79.119140625
79.119140625
79.119140625
79.119140625
79.119140625
79.119140625
79.119140625
79.119140625
79.119140625
79.119140625
79.119140625
79.119140625
79.119140625
79.119140625
79.119140625
79.119140625
79.119140625
79.119140625
79.119140625
79.119140625
79.119140625
79.119140625
79.119140625
79.119140625
79.119140625
79.119140625
79.119140625
79.119140625
79.119140625
79.119140625
79.119140625
79.119140625
79.119140625
79.12109375
79.119140625
79.119140625
79.12109375
79.119140625
79.119140625
79.119140625
79.119140625
79.119140625
79.119140625
79.119140625
79.119140625
79.119140625
79.119140625
79.119140625
79.12109375
79.119140625
79.119140625
79.119140625
79.119140625
79.119140625
79.119140625
79.119140625
79.119140625
79.119140625
79.119140625
79.119140625
79.119140625
79.119140625
79.119140625
79.119140625
79.119140625
79.119140625
79.119140625
79.119140625
79.119140625
79.119140625
79.119140625
79.119140625
79.119140625
79.119140625
79.119140625
79.119140625
79.119140625
79.119140625
79.119140625
79.119140625
79.119140625
79.119140625
79.119140625
79.119140625
79.119140625
79.119140625
79.119140625
79.119140625
79.119140625
79.119140625
79.119140625
79.119140625
79.119140625
79.119140625
79.119140625
79.119140625
79.119140625
79.119140625
79.119140625
79.119140625
79.119140625
79.119140625
79.119140625
79.119140625
79.119140625
79.119140625
79.119140625
79.119140625
79.119140625
79.119140625
79.119140625
79.119140625
79.119140625
79.119140625
79.119140625
79.119140625
79.119140625
79.119140625
79.119140625
79.119140625
79.119140625
79.119140625
79.119140625
79.119140625
79.119140625
79.119140625
79.119140625
79.119140625
79.119140625
79.119140625
79.119140625
79.119140625
79.119140625
79.119140625
79.119140625
79.119140625
79.119140625
79.119140625
79.119140625
79.119140625
79.119140625
79.119140625
79.119140625
79.119140625
79.119140625
79.119140625
79.119140625
79.119140625
79.119140625
79.119140625
79.119140625
79.119140625
79.119140625
79.119140625
79.119140625
79.119140625
79.119140625
79.119140625
79.119140625
79.119140625
79.119140625
79.119140625
79.119140625
79.119140625
79.119140625
79.119140625
79.119140625
79.119140625
79.119140625
79.119140625
79.119140625
79.119140625
79.119140625
79.119140625
79.119140625
79.119140625
79.119140625
79.119140625
79.119140625
79.119140625
79.119140625
79.119140625
79.119140625
79.119140625
79.119140625
79.119140625
79.119140625
79.119140625
79.119140625
79.119140625
79.119140625
79.119140625
79.119140625
79.119140625
79.119140625
79.119140625
79.119140625
79.119140625
79.119140625
79.119140625
79.119140625
79.119140625
79.119140625
79.119140625
79.119140625
79.119140625
79.119140625
79.119140625
79.119140625
79.119140625
79.119140625
79.119140625
79.119140625
79.119140625
79.119140625
79.119140625
79.119140625
79.119140625
79.119140625
79.119140625
79.119140625
79.119140625
79.12109375
79.119140625
79.119140625
79.119140625
79.119140625
79.119140625
79.119140625
79.119140625
79.119140625
79.119140625
79.119140625
79.119140625
79.119140625
79.119140625
79.119140625
79.119140625
79.119140625
79.119140625
79.119140625
79.119140625
79.119140625
79.119140625
79.119140625
79.119140625
79.119140625
79.119140625
79.119140625
79.119140625
79.119140625
79.119140625
79.119140625
79.119140625
79.119140625
79.119140625
79.119140625
79.119140625
79.119140625
79.119140625
79.119140625
79.119140625
79.119140625
79.119140625
79.119140625
79.119140625
79.119140625
79.119140625
79.119140625
79.119140625
79.119140625
79.119140625
79.119140625
79.119140625
79.119140625
79.119140625
79.119140625
79.119140625
79.119140625
79.119140625
79.119140625
79.119140625
79.119140625
79.119140625
79.119140625
79.119140625
79.119140625
79.119140625
79.119140625
79.119140625
79.119140625
79.119140625
79.119140625
79.119140625
79.119140625
79.119140625
79.119140625
79.119140625
79.119140625
79.119140625
79.119140625
79.119140625
79.119140625
79.119140625
79.119140625
79.119140625
79.119140625
79.119140625
79.119140625
79.119140625
79.119140625
79.119140625
79.119140625
79.119140625
79.119140625
79.119140625
79.119140625
79.119140625
79.119140625
79.119140625
79.119140625
79.119140625
79.119140625
79.119140625
79.119140625
79.119140625
79.119140625
79.119140625
79.119140625
79.119140625
79.119140625
79.119140625
79.119140625
79.119140625
79.119140625
79.119140625
79.119140625
79.119140625
79.119140625
79.119140625
79.119140625
79.119140625
79.119140625
79.119140625
79.119140625
79.119140625
79.119140625
79.119140625
79.119140625
79.119140625
79.119140625
79.119140625
79.119140625
79.119140625
79.119140625
79.119140625
79.119140625
79.119140625
79.119140625
79.119140625
79.119140625
79.119140625
79.119140625
79.119140625
79.119140625
79.119140625
79.119140625
79.119140625
79.119140625
79.119140625
79.119140625
79.119140625
79.119140625
79.119140625
79.119140625
79.119140625
79.119140625
79.119140625
79.119140625
79.119140625
79.12109375
79.119140625
79.119140625
79.119140625
79.119140625
79.119140625
79.119140625
79.119140625
79.119140625
79.119140625
79.119140625
79.119140625
79.119140625
79.119140625
79.119140625
79.119140625
79.119140625
79.119140625
79.119140625
79.119140625
79.119140625
79.119140625
79.119140625
79.119140625
79.119140625
79.119140625
79.119140625
79.119140625
79.119140625
79.119140625
79.119140625
79.119140625
79.119140625
79.119140625
79.119140625
79.119140625
79.119140625
79.119140625
79.119140625
79.119140625
79.119140625
79.119140625
79.119140625
79.119140625
79.119140625
79.119140625
79.119140625
79.119140625
79.119140625
79.119140625
79.119140625
79.119140625
79.119140625
79.119140625
79.119140625
79.119140625
79.119140625
79.119140625
79.119140625
79.119140625
79.119140625
79.119140625
79.119140625
79.119140625
79.119140625
79.119140625
79.119140625
79.119140625
79.119140625
79.119140625
79.119140625
79.119140625
79.119140625
79.119140625
79.119140625
79.119140625
79.119140625
79.119140625
79.119140625
79.119140625
79.119140625
79.119140625
79.119140625
79.119140625
79.119140625
79.119140625
79.119140625
79.119140625
79.119140625
79.119140625
79.119140625
79.119140625
79.119140625
79.119140625
79.119140625
79.119140625
79.119140625
79.119140625
79.119140625
79.119140625
79.119140625
79.119140625
79.12109375
79.119140625
79.119140625
79.119140625
79.119140625
79.119140625
79.119140625
79.119140625
79.119140625
79.119140625
79.119140625
79.119140625
79.119140625
79.119140625
79.119140625
79.119140625
79.119140625
79.119140625
79.119140625
79.119140625
79.119140625
79.119140625
79.119140625
79.119140625
79.119140625
79.119140625
79.119140625
79.119140625
79.119140625
79.119140625
79.119140625
79.119140625
79.119140625
79.119140625
79.119140625
79.119140625
79.119140625
79.119140625
79.119140625
79.119140625
79.119140625
79.119140625
79.119140625
79.119140625
79.12109375
79.119140625
79.119140625
79.119140625
79.119140625
79.119140625
79.119140625
79.119140625
79.119140625
79.119140625
79.119140625
79.119140625
79.119140625
79.119140625
79.119140625
79.119140625
79.119140625
79.119140625
79.119140625
79.119140625
79.119140625
79.119140625
79.119140625
79.119140625
79.119140625
79.119140625
79.119140625
79.119140625
79.119140625
79.119140625
79.119140625
79.119140625
79.119140625
79.119140625
79.119140625
79.119140625
79.119140625
79.119140625
79.119140625
79.119140625
79.119140625
79.119140625
79.119140625
79.119140625
79.119140625
79.119140625
79.119140625
79.119140625
79.119140625
79.119140625
79.119140625
79.119140625
79.119140625
79.119140625
79.119140625
79.119140625
79.119140625
79.119140625
79.119140625
79.119140625
79.119140625
79.119140625
79.119140625
79.119140625
79.119140625
79.119140625
79.119140625
79.119140625
79.119140625
79.119140625
79.119140625
79.119140625
79.119140625
79.119140625
79.119140625
79.119140625
79.119140625
79.119140625
79.119140625
79.119140625
79.119140625
79.119140625
79.119140625
79.119140625
79.119140625
79.119140625
79.119140625
79.119140625
79.119140625
79.119140625
79.119140625
79.119140625
79.119140625
79.119140625
79.119140625
79.119140625
79.119140625
79.119140625
79.119140625
79.119140625
79.119140625
79.119140625
79.119140625
79.119140625
79.119140625
79.119140625
79.119140625
79.12109375
79.119140625
79.119140625
79.119140625
79.119140625
79.119140625
79.119140625
79.119140625
79.119140625
79.119140625
79.119140625
79.119140625
79.119140625
79.119140625
79.119140625
79.119140625
79.119140625
79.119140625
79.119140625
79.119140625
79.119140625
79.119140625
79.119140625
79.119140625
79.119140625
79.119140625
79.119140625
79.119140625
79.119140625
79.119140625
79.119140625
79.119140625
79.119140625
79.119140625
79.119140625
79.119140625
79.119140625
79.119140625
79.119140625
79.119140625
79.119140625
79.119140625
79.119140625
79.119140625
79.119140625
79.119140625
79.119140625
79.119140625
79.119140625
79.119140625
79.119140625
79.119140625
79.119140625
79.119140625
79.119140625
79.119140625
79.119140625
79.119140625
79.119140625
79.119140625
79.119140625
79.119140625
79.119140625
79.119140625
79.119140625
79.119140625
79.119140625
79.119140625
79.119140625
79.119140625
79.119140625
79.119140625
79.119140625
79.119140625
79.119140625
79.119140625
79.119140625
79.119140625
79.119140625
79.119140625
79.119140625
79.119140625
79.119140625
79.119140625
79.119140625
79.119140625
79.12109375
79.119140625
79.119140625
79.119140625
79.119140625
79.119140625
78.2734375
78.29296875
78.29296875
78.29296875
78.29296875
78.29296875
78.29296875
78.29296875
78.29296875
78.29296875
78.29296875
78.29296875
78.29296875
78.29296875
78.29296875
78.29296875
78.29296875
78.29296875
78.29296875
78.29296875
78.29296875
78.29296875
78.29296875
78.29296875
78.29296875
78.29296875
78.29296875
78.29296875
78.29296875
78.29296875
78.29296875
78.29296875
78.29296875
78.29296875
78.29296875
78.29296875
78.29296875
78.29296875
78.29296875
78.29296875
78.29296875
78.29296875
78.29296875
78.29296875
78.29296875
78.29296875
78.29296875
78.29296875
78.29296875
78.29296875
78.29296875
78.29296875
78.29296875
Epoch times (seconds):
11.075568199157715
7.512004852294922
8.824117422103882
8.437491178512573
7.864383697509766
9.494285821914673
6.752550840377808
8.453294515609741
6.92466402053833
8.16294264793396
10.833369493484497
7.152274131774902
7.04664945602417
8.813464879989624
7.4161365032196045
9.044954299926758
7.056283712387085
7.50874400138855
7.933584451675415
11.60353136062622
10.449006080627441
8.990013360977173
8.475502490997314
6.802112579345703
8.207023620605469
9.844963788986206
7.170320510864258
7.848110198974609
7.859257936477661
8.261457204818726
9.407375574111938
8.081640720367432
8.925953388214111
8.171414375305176
8.489570617675781
10.102028131484985
8.898987531661987
8.776692628860474
7.762478828430176
7.872983932495117
9.960252523422241
7.640833139419556
7.430206298828125
8.971067667007446
8.470812320709229
9.291054248809814
6.852903366088867
8.056628465652466
7.3643152713775635
8.262833595275879
9.392573118209839
6.713541269302368
6.685260057449341
8.125412940979004
7.126569747924805
8.569227695465088
9.311577081680298
7.831608772277832
7.009337663650513
7.027078151702881
9.061197757720947
8.183751821517944
8.579383611679077
6.6522886753082275
7.377073287963867
9.211344480514526
8.104975461959839
8.00332498550415
7.032037973403931
6.962603330612183
8.230452060699463
8.210086345672607
8.356914043426514
8.143962144851685
7.109555959701538
9.324944496154785
7.611427068710327
7.75300407409668
8.057344913482666
7.033088207244873
10.66276216506958
10.00174880027771
7.73003077507019
7.391478061676025
7.025940179824829
9.34670639038086
9.569206714630127
10.36489987373352
6.3795905113220215
8.006028652191162
9.475112199783325
8.661539793014526
9.009755373001099
7.3358681201934814
6.724687099456787
10.466957092285156
7.256170272827148
7.887430191040039
7.845480680465698
7.89587140083313
9.497013330459595
7.148136138916016
8.839271783828735
8.210361242294312
7.421275615692139
9.272762775421143
8.60825252532959
7.421055316925049
8.536498785018921
7.671985864639282
9.086838722229004
8.034990549087524
7.787461042404175
9.11869740486145
8.20987868309021
11.30404281616211
7.545748233795166
8.124202013015747
8.1181058883667
8.096874237060547
9.95032787322998
7.4294350147247314
7.966358423233032
8.396740198135376
8.30765986442566
12.358336210250854
8.95952558517456
6.952016830444336
7.44445276260376
6.884959697723389
8.350057363510132
6.593172073364258
7.532958030700684
7.150867223739624
7.331822395324707
9.812011003494263
6.0458009243011475
6.678394317626953
7.947842836380005
6.693357944488525
9.756860494613647
6.865185976028442
7.685323715209961
8.785781145095825
8.397644996643066
10.715976476669312
6.724308967590332
7.252468109130859
11.129413366317749
7.666405439376831
9.03406286239624
8.358798265457153
10.284489870071411
9.601735591888428
10.932209968566895
10.795833587646484
9.628353357315063
7.567272424697876
7.709042310714722
7.6834046840667725
9.037719011306763
9.418781042098999
8.562839031219482
9.160583734512329
7.3429625034332275
9.214271068572998
7.017516851425171
6.953048229217529
7.689051151275635
7.782667636871338
8.958498477935791
8.02765941619873
7.5703089237213135
7.568250894546509
8.792041540145874
8.696792364120483
8.036202192306519
6.965006351470947
7.45778489112854
7.438263177871704
8.776870965957642
8.252689123153687
8.429089784622192
7.923203468322754
8.05644178390503
8.81959080696106
7.451309442520142
7.0331871509552
7.356733322143555
7.514668703079224
9.225587129592896
9.267704725265503
7.537609338760376
7.8984081745147705
6.699293851852417
9.479535341262817
7.866373777389526
7.932432651519775
7.851642847061157
6.889338493347168
10.601050615310669
7.148245573043823
7.611429452896118
7.7272186279296875
7.446035385131836
9.595735788345337
8.308232545852661
8.291354179382324
8.048653602600098
7.314747095108032
9.485967636108398
7.925382137298584
8.341974973678589
7.341181039810181
8.149518489837646
9.710519552230835
7.4956583976745605
6.249795198440552
7.716669321060181
8.312331676483154
9.68303894996643
8.265669107437134
8.521620273590088
7.524364709854126
8.336519241333008
9.471962451934814
8.78607726097107
8.813441753387451
7.227639436721802
8.790824174880981
10.882938146591187
8.048471450805664
7.607982158660889
7.120474815368652
7.769635200500488
10.053221702575684
7.82569694519043
7.376321792602539
8.18721866607666
7.516737222671509
9.538673639297485
8.69132399559021
7.302454233169556
7.665351390838623
7.7549519538879395
10.261847257614136
8.006755828857422
7.555058717727661
9.637973308563232
8.695350408554077
9.311790466308594
7.953187704086304
7.526821851730347
7.719480991363525
7.887394905090332
9.867558002471924
8.434534788131714
6.234233856201172
8.876606941223145
8.598078727722168
11.959995746612549
8.069631814956665
7.927422523498535
8.508252382278442
7.842066526412964
10.351668119430542
8.474859237670898
7.367419958114624
8.460051536560059
7.84939980506897
10.293124437332153
6.8807995319366455
7.075814247131348
6.908361434936523
9.054479837417603
9.64104962348938
7.31158185005188
6.8019373416900635
7.41366171836853
7.899368047714233
10.74384069442749
6.567384243011475
6.9277307987213135
7.629206418991089
7.166049480438232
8.971063137054443
8.357578754425049
6.611099481582642
7.635782241821289
8.785794019699097
9.554398536682129
7.00907826423645
6.889646530151367
7.537830829620361
7.825664520263672
8.907968997955322
8.172555208206177
7.902867317199707
8.28343391418457
8.087243795394897
11.166873216629028
6.407475709915161
7.572644233703613
8.606426000595093
7.651268243789673
9.81089973449707
7.105374813079834
7.635230302810669
7.9520485401153564
7.723119735717773
12.287021398544312
7.3831446170806885
10.103433847427368
9.109331846237183
8.553144216537476
10.807945966720581
7.374738931655884
8.47646427154541
7.880855321884155
9.110970973968506
10.607747554779053
7.1861231327056885
9.22272253036499
6.967463254928589
7.302558422088623
9.661396265029907
8.744512796401978
7.423893690109253
8.07271432876587
8.61731743812561
8.860234260559082
8.787442922592163
7.964917898178101
8.448325872421265
7.46845269203186
10.021139144897461
7.873271942138672
8.464757204055786
7.973323106765747
7.651886701583862
8.62733769416809
7.059203147888184
7.694624662399292
7.8954918384552
7.847968578338623
10.482869863510132
7.717333793640137
8.15171194076538
8.370985746383667
8.11969542503357
8.885391235351562
8.353954315185547
7.798416614532471
7.366013765335083
8.394786834716797
12.454169511795044
7.335173606872559
6.4182844161987305
7.448672533035278
7.988764047622681
8.926788330078125
7.229719638824463
7.315995693206787
7.643232345581055
7.753454208374023
10.64557933807373
8.311565160751343
8.72299599647522
8.063739538192749
7.7885496616363525
9.967747926712036
8.038651704788208
8.402048826217651
9.50494933128357
6.109907627105713
10.38269591331482
8.148341178894043
7.925485134124756
8.601948738098145
6.007773160934448
10.078693389892578
7.457882642745972
8.522067070007324
9.494956731796265
7.5499842166900635
10.85649061203003
8.139331340789795
7.197232007980347
8.25886845588684
8.09745979309082
10.397501230239868
8.250155925750732
8.893907308578491
7.798370361328125
7.556056261062622
10.502478837966919
9.05995774269104
9.047626733779907
7.8310933113098145
7.441028833389282
9.603691339492798
6.713513612747192
7.339518785476685
7.41237735748291
8.002732038497925
10.683917999267578
9.331286191940308
7.566253185272217
7.492686986923218
7.427262306213379
9.437661409378052
8.127431631088257
8.473832845687866
7.668251037597656
7.915260076522827
9.976434707641602
8.694227933883667
8.157192707061768
9.671163082122803
8.224603176116943
10.499922513961792
8.16949725151062
6.6952619552612305
7.826761245727539
7.73603081703186
10.090913534164429
8.639354944229126
7.410696744918823
7.74206280708313
9.132012128829956
10.913422346115112
7.086054801940918
7.282663106918335
7.6811652183532715
7.604790210723877
9.543866157531738
7.652345657348633
7.434977293014526
8.224605560302734
8.602704286575317
9.659045934677124
7.598828315734863
7.7895965576171875
7.442216873168945
7.89755392074585
10.208826780319214
6.716606616973877
8.581712484359741
7.951579570770264
8.819367170333862
9.82023572921753
6.346674203872681
8.864667892456055
7.966812610626221
8.445987224578857
9.669075965881348
7.20855975151062
7.263176679611206
8.198132038116455
7.785146951675415
9.794633150100708
8.05308485031128
7.49036431312561
7.795246362686157
7.318870306015015
8.16401195526123
7.0351643562316895
8.113874912261963
7.05561900138855
7.596519708633423
10.456784725189209
7.77592396736145
8.399185180664062
7.911052942276001
6.428903579711914
9.661687850952148
7.437671422958374
9.552965879440308
7.153676986694336
9.607728004455566
8.453394889831543
10.404850482940674
8.077036619186401
8.42423701286316
8.992257595062256
8.953282117843628
8.341202974319458
7.976619720458984
7.63556694984436
7.247140884399414
9.456490516662598
7.0447657108306885
7.248084783554077
8.391374826431274
6.815461874008179
8.23910403251648
7.673964023590088
7.859046220779419
6.221962213516235
7.468712568283081
9.286788702011108
8.186050176620483
8.783463716506958
8.431058645248413
8.088045835494995
9.59737491607666
7.952991485595703
9.09983229637146
8.170945882797241
7.971058130264282
10.653401374816895
7.92043924331665
7.423096418380737
8.594098329544067
7.625092267990112
9.413459300994873
7.4175865650177
8.13628888130188
9.015583753585815
7.109983921051025
9.99387001991272
7.715955018997192
6.60313868522644
7.656614780426025
8.084668159484863
8.592922687530518
7.4730939865112305
8.698731184005737
8.304486751556396
7.225557327270508
10.570879220962524
7.795644998550415
8.405126810073853
7.693379163742065
8.482118368148804
10.591039180755615
7.648865699768066
6.811511754989624
7.1101837158203125
7.610186338424683
9.031344652175903
7.959069728851318
7.862077236175537
6.604780912399292
7.699549913406372
10.027477979660034
8.083549737930298
7.60084080696106
6.607187271118164
7.343146800994873
8.45817494392395
7.533080577850342
7.6630895137786865
6.515631914138794
8.349394798278809
9.152032136917114
7.804513216018677
8.977466344833374
5.432056188583374
6.9075188636779785
10.345826864242554
8.513599872589111
7.766071081161499
7.3465964794158936
7.2601563930511475
8.723980903625488
7.645561456680298
7.924136400222778
7.149020671844482
7.889272928237915
10.778543949127197
8.25272536277771
7.800589561462402
7.290169715881348
8.880794763565063
10.474417924880981
7.3935229778289795
8.358226299285889
6.892867088317871
7.966463327407837
10.318355321884155
7.600358247756958
6.293974161148071
7.100432395935059
6.747497320175171
10.237541913986206
7.889137029647827
6.616244792938232
7.522035837173462
8.84347152709961
8.897514581680298
7.014770269393921
6.507259845733643
7.2762367725372314
8.123474836349487
9.63705563545227
8.58043384552002
6.871576309204102
6.158798694610596
8.480601787567139
9.43713927268982
7.518399715423584
6.788774013519287
7.212217330932617
7.585778474807739
8.65308427810669
8.02852201461792
6.7101521492004395
8.04129147529602
9.647079944610596
9.511075019836426
8.957125186920166
7.1780242919921875
9.28279447555542
8.942510843276978
9.693113803863525
6.899379730224609
7.864180564880371
8.810998439788818
8.387463808059692
10.015296220779419
6.727440357208252
8.003493070602417
8.539855241775513
7.821599006652832
10.437365770339966
6.620497226715088
8.45066499710083
7.336029291152954
10.406235218048096
10.406396389007568
7.620053291320801
8.094432353973389
10.077991962432861
8.531607151031494
10.23072361946106
7.2495081424713135
7.967959642410278
7.9164299964904785
7.908456802368164
8.802656888961792
7.819765567779541
9.2674241065979
7.710679769515991
6.850806951522827
9.472459316253662
7.990320682525635
8.09201169013977
9.08678412437439
7.803593873977661
8.280214548110962
8.157280206680298
8.214808225631714
8.335440874099731
7.801962375640869
9.267845153808594
6.86786150932312
7.711595296859741
7.675398588180542
7.894701957702637
8.386355876922607
7.532679319381714
8.36804747581482
6.054433107376099
7.980353355407715
8.455032587051392
7.10617733001709
8.14969801902771
6.445437669754028
8.052040815353394
8.460594177246094
7.668761968612671
8.422927856445312
8.396585464477539
7.969770908355713
10.090165615081787
7.680725574493408
7.304500341415405
8.230198383331299
7.2599146366119385
9.396340131759644
8.008601427078247
8.348902940750122
7.973809480667114
8.114416360855103
8.490034818649292
7.952538251876831
7.566778182983398
8.445507287979126
7.919922590255737
7.828719854354858
7.869189262390137
7.975728511810303
7.869643449783325
8.917956352233887
9.534629821777344
7.972004175186157
8.032061338424683
7.5345001220703125
7.132997989654541
9.678200960159302
7.756858587265015
7.847218036651611
7.174225807189941
8.163229703903198
9.820274114608765
7.884034633636475
9.077010869979858
8.738783836364746
7.10382080078125
9.166646718978882
8.429434537887573
7.791982650756836
10.089528322219849
7.842731475830078
10.225781679153442
7.914495944976807
9.739555358886719
11.701791286468506
7.342020750045776
10.563323020935059
7.485615491867065
8.50984501838684
7.538984537124634
9.209537506103516
10.32564115524292
9.047825336456299
8.904500961303711
6.345515727996826
8.481275081634521
11.3203763961792
7.212489128112793
8.038268566131592
6.704794645309448
7.121833562850952
9.852643489837646
7.464419841766357
6.806872844696045
6.916526556015015
7.773558139801025
8.478851318359375
8.418206930160522
7.670334815979004
7.8580238819122314
7.676037549972534
10.568250179290771
7.925123929977417
8.226780891418457
7.949068069458008
7.861906290054321
9.287533044815063
7.628328561782837
6.77436375617981
7.1117048263549805
7.508407115936279
8.448647260665894
7.664769172668457
6.636883974075317
8.01491379737854
8.235881328582764
8.972725629806519
8.421047449111938
6.580545902252197
8.178372383117676
7.420422554016113
9.520302534103394
7.7273948192596436
7.281066417694092
8.878554582595825
9.072624444961548
9.825050592422485
7.021615505218506
6.715903997421265
7.936876058578491
8.002222537994385
10.300920009613037
7.097315549850464
7.709580421447754
7.4444499015808105
8.305783748626709
10.375472068786621
6.524803876876831
7.684736728668213
7.234495401382446
7.412461757659912
9.70255732536316
7.441446304321289
7.313971757888794
8.270408391952515
8.305091857910156
11.020641088485718
6.271270990371704
8.01170825958252
7.99551796913147
7.497359752655029
9.375953674316406
7.168167591094971
8.19589376449585
7.888932704925537
7.408467531204224
9.703429698944092
7.095390558242798
8.215478658676147
8.008219242095947
7.765502452850342
10.445409774780273
6.880646228790283
7.16666054725647
8.565061569213867
8.525374174118042
10.511552333831787
6.894133567810059
7.917412996292114
8.485247373580933
7.843456029891968
10.71314001083374
7.192053318023682
9.05193567276001
8.136828422546387
8.55432653427124
10.585509538650513
7.324682712554932
8.075911045074463
8.110321998596191
7.820507764816284
9.49561071395874
8.937319993972778
8.44530701637268
7.878900766372681
7.182886600494385
10.427082538604736
9.16435694694519
7.169690132141113
7.876959800720215
8.037607908248901
8.350199460983276
7.325299501419067
8.446639060974121
7.961676120758057
8.09886622428894
8.36396598815918
7.9772303104400635
9.261372327804565
8.697790622711182
8.086241006851196
8.82598090171814
7.824658632278442
8.574460744857788
8.452544927597046
7.089621067047119
9.202783823013306
9.614439249038696
7.712625741958618
9.286029815673828
7.587080717086792
9.545891284942627
8.32794189453125
8.535346031188965
7.492572784423828
7.500725269317627
10.107383489608765
9.468931436538696
7.507102966308594
7.248281002044678
6.4387571811676025
9.090635776519775
7.730077266693115
8.093058109283447
8.310036659240723
7.4537084102630615
9.346877336502075
7.989948511123657
7.499619722366333
8.13197660446167
6.113564968109131
9.901970148086548
8.564202308654785
7.357913970947266
9.679567337036133
6.215724229812622
8.9482901096344
7.388753652572632
7.513015985488892
7.324557542800903
6.642163515090942
9.263215780258179
11.242765665054321
8.310438632965088
8.217108011245728
7.233493804931641
10.192179203033447
7.580626487731934
6.826814889907837
7.792876243591309
7.34815526008606
10.533457279205322
7.573233604431152
8.37317681312561
7.419064283370972
8.069437265396118
10.793546676635742
6.664644956588745
6.703289747238159
8.693358182907104
5.802140474319458
8.507534265518188
9.14061164855957
8.847668170928955
7.61599326133728
6.772552490234375
8.623384237289429
8.015447616577148
8.19641399383545
8.959980249404907
5.935546636581421
9.497213125228882
7.068162679672241
6.975398778915405
7.223848581314087
5.7069175243377686
9.832910060882568
7.223896026611328
7.2781665325164795
7.224159002304077
6.515434265136719
10.047702312469482
7.474687576293945
7.178798675537109
7.3656086921691895
7.539304971694946
10.92078971862793
7.922852516174316
7.671710968017578
6.315352916717529
7.108150482177734
10.399895906448364
7.849203586578369
8.150651693344116
7.479145526885986
8.927956104278564
11.195624351501465
7.846683502197266
8.080333471298218
7.269915342330933
9.118876218795776
9.755676031112671
6.8680901527404785
6.240762948989868
4.213501453399658
5.082053899765015
6.9004621505737305
3.6644480228424072
3.7232906818389893
4.341161489486694
5.391261339187622
5.5253636837005615
3.8137128353118896
4.137105703353882
4.067508935928345
4.354599952697754
5.707139492034912
4.468486070632935
3.8454620838165283
4.306021213531494
4.3049139976501465
5.9352076053619385
5.012656927108765
5.017484426498413
4.716742277145386
4.861237525939941
6.145159482955933
3.8176419734954834
4.037921190261841
4.017506122589111
3.9224259853363037
5.68935489654541
4.331465721130371
4.924275159835815
4.140623092651367
4.018845558166504
6.154119968414307
5.087038278579712
5.5233869552612305
4.5215535163879395
4.0919554233551025
6.229854583740234
5.516041278839111
4.099361896514893
3.622410774230957
4.713419675827026
5.557645082473755
3.7817935943603516
3.787471055984497
4.448992729187012
4.273951530456543
5.7193872928619385
4.221978664398193
4.15399169921875
4.873988151550293
3.938805103302002
