26.898364545979025
13.699206946732161
11.199348028604087
8.983691876068775
7.419171936068184
6.356089651842654
5.565746642810442
4.97572051498281
4.575525597576455
4.304821060849474
4.0464949370462655
3.863994249533781
3.813185795045002
3.6979637352419106
3.4832797535570155
3.444442727349021
3.384823885830966
3.16010856834841
3.185291934323001
3.1483594019175607
3.1295638755286412
3.0642469584683836
2.9383023863747004
2.934823230231479
2.8045316304995382
2.7895560723878603
2.703775188107511
2.715086038494523
2.6367009707859586
2.5581985376614
2.636894353540429
2.597629147690612
2.491139185893071
2.4447205123447238
2.4639492040072684
2.3733359348206293
2.389724969347834
2.323905821486469
2.375311983096135
2.298452879959371
2.3270507328438037
2.209452342677426
2.1830401523804768
2.25730781431322
2.2032874982594413
2.1765869943610516
2.090025131836598
2.073125225124937
2.067310436463459
2.1036178637376595
2.0803117014112926
2.041975709266993
2.053741850894251
1.9341082655506217
1.981755930623967
1.9304218106455617
1.962203521749158
1.8841939700114263
1.881995314127439
1.9166625836194853
1.9137892919185358
1.8631718256772856
1.7850709142106953
1.875952115822664
1.9363163781888557
1.8282304950606771
1.7719742255809503
1.7686151627338293
1.83178651590884
1.7614353203670288
1.824452274289482
1.7817187624060231
1.7426507942604297
1.655853070221938
1.7961522371737988
1.7027899522285956
1.71781777974331
1.7285741521166516
1.7133541323921897
1.6502002137047904
1.6689469148586322
1.6365576260017627
1.6434854181297929
1.6042681984055094
1.6347908555687247
1.6434241084309367
1.6079660411520953
1.628379155547072
1.5589690843185822
1.7013108069762524
1.5931168490158014
1.5892448987795678
1.5548797732307797
1.5617479447162512
1.5754561192029481
1.5349669420357905
1.5514758889809315
1.4750198528364107
1.5494193540507064
1.5248600817345954
1.4726663742746626
1.5033018013615629
1.5304761428337592
1.5214245009731937
1.4523178083556039
1.4626402865240584
1.3939658578856167
1.4727569604332829
1.4510527183483173
1.4466273242777044
1.428947869317356
1.4193192725573784
1.4302065171204603
1.4694815561884926
1.50034752862278
1.390528183220785
1.377715597163031
1.421625339107596
1.3554404161193154
1.3326496360621927
1.4306679027421134
1.3878962627220979
1.3754585116972655
1.3608123827806282
1.3634449111950862
1.339815430826955
1.3522788301690833
1.3537018224274442
1.2979320014193976
1.3896102464044249
1.3646802639032338
1.4317955000576004
1.2909488714102544
1.3098260481636246
1.2849779067101417
1.3288044454731467
1.3208772785219796
1.3196642213053518
1.3265207977521987
1.24955079488424
1.2846168093867116
1.2553086244698726
1.2785546433874022
1.3115261243535328
1.2620151368054477
1.2955084631453344
1.2632334098155364
1.2502374587120948
1.3021908017980073
1.2519734336700274
1.2289856687768714
1.2349919769671056
1.2573661690666562
1.2509113408270336
1.2514300134790923
1.2004352106160416
1.2019587951305108
1.2154237715712874
1.207240406826977
1.2623437766904955
1.1864754490522078
1.2122488695305664
1.2615943344640526
1.2043000562882527
1.215968544090981
1.1637087993291548
1.22085133801291
1.209606480546844
1.207257190824071
1.1852794632767185
1.2336928008438706
1.1616675144150144
1.246459725615266
1.1290335288811555
1.1714881114113382
1.1500943455345187
1.1627434636607314
1.1425817652698202
1.1691241073401974
1.1787594327162871
1.1537370444376231
1.120620267731803
1.1230609331812178
1.1744241348076692
1.1128185208225663
1.1524118863658988
1.1793590456376344
1.1092207230530775
1.1640249157880809
1.1398562564478292
1.1335747613535299
1.1367765471532747
1.1233687669167787
1.1106891789477624
1.1013841856093634
1.1496778311151448
1.1018450636884352
1.0805356419963754
1.127767479264891
1.0981946979766284
1.1045619030019422
1.0992899046831832
1.1032813206895606
1.0820733012059034
1.0832472389394587
1.0748103965412488
1.097456098892988
1.095146391040835
1.0770184315128244
1.0668794631441951
1.1031439639789202
1.08187642293575
1.0874623581444547
1.065638877354659
1.0610154996186625
1.0592447018726563
1.0506511281579087
1.0543675368482417
1.067919110838985
1.0327958609118606
1.1128443734986442
1.0599232341820028
1.0472201343738672
1.056950321703246
1.0184992946587599
1.051001511352919
1.0193494762177076
1.05766569252138
1.097069641470393
1.0612188505403923
1.1023652029759956
1.0671753565986435
1.1053746709059844
1.071583959447357
1.0466109880637298
1.021624280260755
1.1116487786367342
1.0017340843811695
1.0391653652315016
1.0302330477413162
1.089235032791699
1.0413581679909776
1.0409969493940279
1.076962632276279
0.9960059825476114
1.0030284469777888
0.9860540545864023
1.0581714126454804
0.9966209425038589
1.0096159221289993
1.108865491755597
1.005584773821232
1.0849790939520965
1.0215644488086948
0.9776111209031307
1.028652426742372
0.9801965753237406
0.9930853859170691
1.0376625329385072
1.027311772495121
0.9940875851230704
1.0162825362506882
1.0228498998658482
0.9510852877711837
0.9824068019916485
0.9805297464519352
0.9616161659682468
1.0173916024563117
0.9924023631331208
0.99029557942312
0.9575960566471149
0.9857742363240296
0.9955200674213889
0.9897506670518355
1.0475863177022893
1.036066658311076
0.9759722259137538
0.9588207107085687
0.9745712757626653
0.9717795763696943
0.9669515903377945
0.9894702478404686
1.0157190610320022
0.9650138386916288
0.9539368544822131
0.9691743938437788
0.9679876612378405
0.9417645208763353
0.9802484127866241
0.9747811413946605
0.9442944498289199
0.9522089189265197
0.9861104225183462
0.9135377734770507
0.9740368834821693
0.9672080902826219
0.9271423393513734
0.9055786125071636
0.9412721361948814
0.9392521758100171
0.9398374041437587
1.0294107216777224
0.9246324920035028
0.9279569957679484
0.9117659593557382
0.9159493665674548
0.93774864193681
0.8880201369136959
1.0020880366300609
0.904215555944484
0.9566063744165164
0.8995823924675649
0.8991363136283247
0.9210824447792846
0.958755183787573
0.893785036229468
0.9859684458026639
0.9106160864169464
0.9047244893007981
0.9579619600143268
0.9116633214475789
0.8820742278388052
0.971397561170322
0.899295339336643
0.9188200021202946
0.9025573720147599
0.9073432614276935
0.9264071178642702
0.9058936385365276
0.8789032191941233
0.9463345697431853
0.8959858030467839
0.8958404693768655
0.8903671141826746
0.8634849046215867
0.8747031879631472
0.8674745577754397
0.9375550068302072
0.8630372407116416
0.8785448688449282
0.8705947600401841
0.8637893514715748
0.8677808616584514
0.924294960447204
0.8634410859186412
0.8862806759871446
0.8697229208368243
0.8633275555841851
0.8861163369504921
0.8651531201936465
0.8851618570682807
0.8689159095545351
0.8855820780708676
0.8844911987647349
0.871371562862809
0.837711384286096
0.8603135675062865
0.9277467461891504
0.8280652149931177
0.9166959973124714
0.8572382369598786
0.9173762677035806
0.8797046627317157
0.8681684084784933
0.8541997459543732
0.8519944251873792
0.9573545912643532
0.8523646476980927
0.8276431568257221
0.8795815719154491
0.8481137435157577
0.8335258960723877
0.82822931793345
0.8615189726218516
0.8387369098085345
0.8397390171562954
0.8750199928428187
0.832253161188844
0.8477722530241136
0.824590120738719
0.8150260721966301
0.8426114011120487
0.8375517919466093
0.8361595260116444
0.839947510591317
0.8366721396322374
0.9194653950212321
0.8156995063736325
0.8308456214991483
0.8634947623525348
0.8039486612076367
0.8151379191514218
0.8161605428823661
0.8324736816026431
0.8307291251240354
0.833968160472391
0.8314588947213574
0.8182948814842091
0.8169567541126564
0.8238995722878031
0.8156017787528761
0.8274298351564449
0.841262095676356
0.8027275555577629
0.8024468323885104
0.8367865537152146
0.8223051728108228
0.8363936958890973
0.8141835896999805
0.8388631875380809
0.8379931594386245
0.8085556254758464
0.7927733615879372
0.8486340832916689
0.8187333618923699
0.811683579182728
0.7990883356565005
0.7949612014221422
0.7853425545093817
0.7926833624447579
0.7993454347441207
0.7954520477360977
0.7935212964103335
0.7935565586213942
0.7839940383836821
0.8118495507673784
0.7936585713258554
0.8653783854984102
0.8224350900361033
0.7857327649603675
0.8059459364775455
0.8009647087101296
0.7864503793386154
0.8058072150527656
0.806577340865032
0.782356113066405
0.897518471721963
0.8093139658242593
0.8017093154775116
0.8495008968687677
0.7877410637351857
0.7781147074389767
0.8280373006672054
0.7802871901751597
0.7869545112956654
0.7947079307073123
0.786642474529547
0.8090361545096229
0.7693944834011458
0.7660211995566563
0.7618844945193369
0.7850327027308477
0.7713971156062502
0.8227000811915377
0.7932789901118258
0.7873064153122179
0.7817168793120941
0.7856996743193952
0.770840767658118
0.7851270824283748
0.7727369864781698
0.7930548745832402
0.7754081928884828
0.7631682345877479
0.789038978871845
0.7709913728557107
0.7820278904138706
0.7676265144244933
0.7458512003803666
0.768796060250435
0.7740119097036716
0.7822289794554442
0.7783741458153828
1.067238834771243
0.807689385238664
0.7661891427391019
0.774611623772295
0.771327116530695
0.7995618127641224
0.7622143899723565
0.7840087524740211
0.7720557082267034
0.750332475998701
0.7790147945994422
0.7930725116234321
0.7719349120602463
0.7572673621115746
0.7442587846285337
0.7650516322164824
0.766296568112972
0.7644961380855345
0.7415948822384789
0.7516066617779917
0.7383536995747388
0.7604530402076193
0.7560548194043049
0.762835097777379
0.7712941497435302
0.7934823312284627
0.7303847113212982
0.8115929628347421
0.7753612775823254
0.7276789705990713
0.7425311089078069
0.7441471866715006
0.7473742138771784
0.7443963276359425
0.7529213201432001
0.7395847408802478
0.7819653953308667
0.75546211881555
0.7489059848702831
0.745924889267265
0.8056530722808012
0.7450743769154404
0.7411431825006163
0.7904913691215185
0.7530627573207344
0.7523985216111848
0.7563225017997609
0.7381620874136557
0.7259888388377763
0.7324790474656341
0.7370644751049223
0.7319790161017216
0.7206636731758779
0.7222076773127436
0.7309449436344626
0.809591374614022
0.7233258563202697
0.7364763604614125
0.7313201517769785
0.748465220649521
0.7137265814331187
0.7456876049826155
0.7218879306471193
0.7739406292572683
0.743941623669166
0.7405380281535062
0.8021446492248799
0.7392562145278567
0.7067925008860502
0.713479453867132
0.7181854921501952
0.7220480558160064
0.7254095139441552
0.7137262299979404
0.7236279233709558
0.7368851703998847
0.7131478629070959
0.7092326082192458
0.7152212871101512
0.7363812033232157
0.765887418350616
0.7171392763331855
0.721292303496109
0.7381069706631945
0.7444131810427744
0.7483981876146226
0.7329390276046026
0.7034894315711347
0.7314470116194193
0.7354140882884269
0.7386105279901843
0.7144756722243834
0.7083341951494093
0.7217935713338646
0.7284466624259949
0.7349155377515982
0.6976258677321595
0.7090145870720669
0.713761879252149
0.69712996508652
0.7153457377380107
0.7745954394340515
0.7255498880431765
0.7029766762927497
0.7190331630892568
0.6990102808196823
0.7013644194190121
0.6939403329576764
0.7258881962660587
0.6950447043299159
0.6987717556747007
0.736552100418966
0.7145981104859026
0.7970061825983452
0.7284635965958303
0.6927143167623709
0.7062136476690118
0.7487118288036033
0.7115482391217054
0.6956871409952898
0.7890004327286889
0.6790788589101849
0.7105860813355549
0.757130977395293
0.7471018054268577
0.6871313948135871
0.6787242375927054
0.704785212035819
0.7017159972872052
0.6964637010128467
0.7025350690920116
0.697664244092388
0.7024954882535067
0.8011301657854221
0.8127661288042605
0.7019110154279898
0.746613056628735
0.7084988727198018
0.684461333792963
0.6868028349174565
0.6865998313024446
0.6835918460057412
0.6967396101394256
0.7037618836283168
0.6894858074394655
0.6912778781089948
0.688095582512034
0.7129322785835761
0.7066262867543605
0.6792463882144911
0.6873414379693729
0.6865637346263572
0.6950556388149014
0.6889006660614179
0.6993216080066962
0.6769535528632985
0.7024451360041961
0.6844216755458287
0.6794286576700417
0.6871418950361606
0.6756633463360014
0.6865499404085663
0.6885655161106226
0.6790877774164275
0.7745754029843714
0.7530661403358757
0.7034958758395472
0.6693766664116929
0.6951269860907551
0.7087572547264429
0.669458950494791
0.7696905848267791
0.6699720997831006
0.6817604680081982
0.6624005622677989
0.745267025062016
0.6788059416271391
0.6696952666555133
0.6940259763172695
0.6736846620386298
0.6928279503083332
0.6774360576233307
0.6820862579655338
0.6858715146651
0.6601037803666416
0.6734053877008942
0.7084234116913436
0.6770251447504217
0.7206409212314722
0.665208570626907
0.6610309110059367
0.6758521529503199
0.679944253071046
0.6504729583665922
0.6864323520557188
0.67908145958211
0.6723095256012755
0.6828694351307758
0.6627980973813441
0.6665977606009611
0.6512222924789826
0.6834150080556993
0.7251820517824842
0.6613172741679402
0.7321508962870676
0.6649611133001584
0.6560561140894374
0.6660176520739799
0.6709261435966987
0.6541310889380318
0.6715440216002526
0.6581988928121921
0.6409643804614162
0.668578666267973
0.6814180171334898
0.6641508717557568
0.7343179062331394
0.6664302552933301
0.675751035863703
0.675224862315438
0.6611304252178638
0.6497475597765539
0.6704193864549909
0.6980057541942184
0.7637609196947767
0.6823365387720463
0.6709073139475538
0.6779508079801287
0.658784768282077
0.6649942650939479
0.68305781006297
0.6549824193700567
0.6746306855441172
0.6600141403995035
0.661317803126909
0.6396453909543686
0.6816800071563556
0.6494677504161736
0.7056463752990161
0.6481043714465518
0.685695633227691
0.6635841500191462
0.6536008718209866
0.6652999703502243
0.6515831931844934
0.6558965005915919
0.6738348007202148
0.6611704199345081
0.6527141012670674
0.6757833271315603
0.654915306991313
0.6426855341180578
0.6635310807269373
0.6738949776727916
0.647824437845321
0.6597436134949392
0.6711065297002916
0.6604228538352174
0.6917971741585505
0.749780192132636
0.6546134783592059
0.6515465420045894
0.6501404258595916
0.6327590117980908
0.6612049874031183
0.7282607279298625
0.70220283770458
0.6559436526391413
0.6379924780362612
0.6607437488578615
0.6859461991559892
0.6485703643008228
0.6611354256863202
0.6513416534894473
0.6362776456973254
0.6568444936306446
0.6497982301753321
0.6557471229658498
0.6733955983475689
0.6536438318042012
0.6303860018779706
0.6437180168700941
0.6447047982122991
0.659637147730047
0.6444515036298083
0.7344091076613505
0.6559415891831055
0.6799525968182139
0.64132121914909
0.6459435250335958
0.6459667299474988
0.642109008578511
0.647003832317534
0.6371746892794902
0.6421613467462135
0.6350303155519229
0.6545893352527123
0.6333929151941687
0.6272847938847232
0.6467924105140553
0.6363833897557609
0.6396144250512639
0.6471441563589748
0.6498103453999474
0.6339898993184556
0.6323608668335589
0.6358473129344709
0.7192290367244126
0.6568396684927341
0.6289669801662494
0.6361384270511148
0.644007387099328
0.6146036617425613
0.6354795369234952
0.6359083968581576
0.6284639502500559
0.6375462456699058
0.6514944430295523
0.6443746175084796
0.6437690945672783
0.6927471306674924
0.6332065012805905
0.6879231220199948
0.6287730213625606
0.6356499277668082
0.6783840691114401
0.6196343113075603
0.6199663236285701
0.6384647733721383
0.6351052004021484
0.6497410971880991
0.6394251361811832
0.6329178812699917
0.6407598387369345
0.6356628490732862
0.6524031479637344
0.6449181716163437
0.6315503408124437
0.63854772433058
0.6445767836911338
0.6363844965701495
0.6378392606844634
0.6379008780826222
0.6428782065193375
0.6264180636509157
0.6604510563792605
0.6365411571868054
0.6473395403845486
0.6231109280606885
0.6378709188787453
0.6211082832121746
0.6265542123998914
0.6333989733225339
0.62424139362393
0.6284773445232607
0.6314615341492029
0.6220795291584807
0.6198275334391243
0.6456105734878804
0.6285467285872538
0.6111467294878774
0.6354740610370389
0.6922302145462531
0.6552879687769588
0.7005324901698472
0.6459517169308353
0.6297403850080647
0.6372147820470653
0.6380786629982325
0.6091215868532915
0.6139964893524781
0.6833527774521799
0.6300955933409852
0.6255319834529579
0.6144138532025474
0.7312857051948448
0.6190321088095248
0.6155419892820961
0.621140837153315
0.6197742713994278
0.6239432400955266
0.6155142093891706
0.6224154101047681
0.6235552637866049
0.6284143536379843
0.6370447109013925
0.622379866900382
0.6234262486298879
0.5993023666984592
0.6161288366173253
0.6274631449154445
0.6625392346671133
0.6385684624894873
0.6750553090334971
0.6646013652091418
0.6255603618436045
0.6119157030726924
0.6120277302605766
0.6266082240131511
0.6155476736557948
0.6182800517195747
0.6242929108731159
0.6044790819609837
0.628665059675902
0.6201095053385862
0.6419346332550049
0.6374686815779963
0.6285152032777861
0.6278237314709337
0.5948933539710519
0.6347570002595068
0.6161317358285318
0.6088020804124478
0.6116558046309979
0.6094295510223934
0.659067809710771
0.625729585880841
0.6187574093217973
0.758593591389718
0.6174340342288409
0.61594356938358
0.6065004221546701
0.6023064277646861
0.6245129295499809
0.6150581492232038
0.6256367293271151
0.631435440345244
0.6047053597706221
0.5994775882273009
0.6305190546688063
0.6073759243343816
0.6701662811365995
0.703530375446592
0.6990869886431343
0.6007392300671829
0.5983411237532958
0.6122747827401925
0.6564912038706082
0.7040342467945891
0.6118733017217546
0.6137809018035988
0.615638665048591
0.6186283683622038
0.6050185750831257
0.595309680932528
0.6141755427374984
0.634502184339416
0.6681232774928535
0.6078519576039665
0.6514188327314534
0.6290329431558584
0.6147035050701786
0.5942424673796732
0.6078515145685766
0.6164060133102136
0.5967711949503267
0.612806427530396
0.6038310331699652
0.6266929943324168
0.6011845811362907
0.5919010507596003
0.6247149533007568
0.6626394603933606
0.600505247260585
0.5945016789487946
0.5888632916526877
0.6010673060303643
0.6465002899562126
0.7036236914205345
0.6067331273318369
0.6088639274562077
0.5950351713539718
0.6077706763496646
0.6034706094306269
0.6027586065329514
0.6007349871711813
0.6033213191476219
0.5889308238442326
0.5938164408588822
0.6020448882600445
0.5924809514444112
0.5876921723673354
0.6056193692601605
0.593368980920676
0.5986246674349813
0.647411903519651
0.6168265482047935
0.5864629844824473
0.597231933306822
0.6150620973213411
0.5922373591305373
0.6041996595147369
0.6156128732673017
0.6134863970599649
0.6253799011696984
0.596076242335431
0.6085180671184094
0.6034718177793346
0.6565175701529433
0.5942608760548876
0.5856943631068968
0.6038521701123292
0.6091347936685984
0.610426534176905
0.5928516058952777
0.5817046475100827
0.5905752621945881
0.6035799857599911
0.5944482975707942
0.6056096642822414
0.5908276698031982
0.6051718313972672
0.5871317627884093
0.5921636481821795
0.5984310101379048
0.6048090162473324
0.6019502434379611
0.5947843501062104
0.61311838998423
0.6010871991450653
0.5833783953478842
0.5858647882680357
0.5909237220431819
0.6096157990234755
0.6455948542464863
0.6058313895613601
0.6568574237101006
