Total time: 181.71 seconds
CPU Usage (%):
0.0
0.0
0.0
0.0
0.0
0.0
0.0
0.0
0.0
0.0
0.0
0.0
0.0
0.0
0.0
0.0
0.0
0.0
0.0
0.0
0.0
0.0
0.0
0.0
0.0
0.0
0.0
0.0
0.0
0.0
0.0
0.0
0.0
0.0
0.0
0.0
RAM Usage (GB):
6.675834655761719
6.763618469238281
6.7403106689453125
6.763751983642578
6.752037048339844
6.752864837646484
6.741146087646484
6.747016906738281
6.747016906738281
6.729438781738281
6.733428955078125
6.768585205078125
6.698394775390625
6.745147705078125
6.745147705078125
6.757026672363281
6.698131561279297
6.698131561279297
6.6981353759765625
6.756671905517578
6.773097991943359
6.714626312255859
6.714626312255859
6.726345062255859
6.738063812255859
6.726367950439453
6.784839630126953
6.749748229980469
6.796558380126953
6.749691009521484
6.750297546386719
6.762016296386719
6.762016296386719
6.762020111083984
6.762020111083984
6.73870849609375
GPU Usage (%):

.join(map(str, gpu_percent_usage))
GPU Memory Usage (GB):
0.83984375
0.83984375
0.83984375
0.83984375
0.83984375
0.83984375
0.83984375
0.83984375
0.83984375
0.83984375
0.83984375
0.83984375
0.83984375
0.83984375
0.83984375
0.83984375
0.83984375
0.83984375
0.83984375
0.83984375
0.83984375
0.83984375
0.83984375
0.83984375
0.83984375
0.83984375
0.83984375
0.83984375
0.83984375
0.83984375
0.83984375
0.83984375
0.83984375
0.83984375
0.83984375
0.83984375
Epoch times (seconds):
6.4139487743377686
3.9848406314849854
3.9702539443969727
4.2898712158203125
3.8540422916412354
6.037710666656494
4.7301414012908936
4.604199409484863
4.631374835968018
4.777144193649292
5.707250595092773
4.2625110149383545
4.354933977127075
4.995805978775024
5.165322542190552
7.05576491355896
4.387643098831177
4.663492679595947
4.953351259231567
4.408177614212036
6.6354429721832275
4.379396915435791
4.391026735305786
4.7388622760772705
4.646372318267822
7.245798349380493
5.324596881866455
5.386287689208984
4.263933420181274
5.596191644668579
7.36480188369751
4.617859601974487
4.853034734725952
4.244471311569214
4.070486783981323
5.676936388015747
