0.059090393434129494
0.01380844149754677
0.010531877030445126
0.010152529173196007
0.0090234531109822
0.00795353079432404
0.007720163632264901
0.007451742024713264
0.006644514618135053
0.007329797663512233
0.007421207773495159
0.006795035084524067
0.006652917471024897
0.007360022136078769
0.0067874489057792985
0.006925295518299976
0.0065711991472403595
0.006816047951337192
0.006707629738214277
0.0067007374865087595
0.006583250908874524
0.0064475135061309325
0.006967021325740205
0.005607592150593152
0.0065559379734276306
0.006531738722495316
0.006154710115477829
0.006464123981904029
0.006315678918484228
0.0067291735909330895
0.006455997887039275
0.00588845613198879
0.006339197088379687
0.006736991781886522
0.006008957400797056
0.006167276046799246
