0.0605319534424386
0.016163319252528154
0.011953110784469615
0.010765084750885829
0.008984520696748644
0.008410918219942293
0.008172371015517097
0.008330105237453143
0.008199660230460233
0.007270925323523227
0.006960247051640055
0.007805998223426538
0.006475688565070882
0.006529474775085137
0.006129766954512243
0.006136978950222462
0.006543160788110131
0.0065494522581368815
0.006767756107073778
0.006439923647452484
0.006167818967543252
0.0070210471930732205
0.00649764331952705
0.006659151166798426
0.006170874560308276
0.006673210436575018
0.007035459816109115
0.006550263196181554
0.006306859932726983
0.006456177205943958
0.006651293457126914
0.006688866027513946
0.006195305061458057
0.006731120425022461
0.0064825435870556865
0.006110815620614272
0.00635433501112416
0.00656822846105798
0.005996107621707054
0.006310335434045949
0.006725046845169101
0.006575690862597712
0.006397911087404211
0.006595807488669048
0.006528803883160734
0.0059439702044156465
0.006997466001667695
0.006720136816802866
0.00648050929330999
0.006771484950307386
0.00674199340340895
0.006138778140453936
0.0063303458500347095
0.0064152292856841766
0.006729419283705937
0.006822391364771824
0.006321942168630627
0.006418169028573222
0.006478284451368696
0.006511174518316662
0.006502453569379269
0.006536531981758096
0.006264535823103153
0.006209538005760093
0.006614189784473929
0.006296355309553477
0.006458845264701681
0.006016814824217906
0.006986804609892495
0.0062970105574760606
0.006127105402917444
0.006726915830165729
0.006048302244782061
0.006360692270422652
0.0061898118074483425
0.006498056911415868
0.0063939024250776995
0.006381197177373615
0.0065635716939723985
0.0063783960614466305
0.006658545765800007
0.0065814980791551085
0.006334209021430833
0.006311706978892222
0.006815786168051811
0.006724486469182295
0.00616881266857187
0.006566348188310797
0.006477190038487637
0.006292485706588794
0.0065326489078776015
0.0063167849013348034
0.006449931150995744
0.007042947275668899
0.006803106304935433
0.006369802724868381
0.00624136697073584
0.006196522088398859
0.006220696727821837
0.0067030624486505985
0.006887149593885585
0.006204009090360754
0.0071558040260333265
0.00647351277379311
0.006411761220834859
0.006039189075994672
0.006362172195413735
0.005948602274318278
0.007074894925813267
0.006384770345604007
0.0064222687266734775
0.006339625065372168
0.006080746714195067
0.0063975701840328315
0.006182868062877358
0.006509696059856258
0.006297922448267217
0.006411335427007634
0.0062534789256429
0.006271860357656172
0.006523934009513168
0.0065415636616158275
0.00643937376497144
0.0067366930510993905
0.006623598044431764
0.006858390418296575
0.006165107748434915
0.005887616231223141
0.006724167202933977
0.006535948657337979
0.006430139974791766
0.00661637754385154
0.006475829078868289
0.0065236268313077495
0.006466432616670991
0.006413475314993814
0.006343468065167983
0.006108167336334462
0.006418074697893097
0.0063908765459376755
0.0064472716021476495
0.006417998012953571
0.006261115246633818
0.006272536827436773
0.006769104236817528
0.006387400223159945
0.006647673864885197
0.006080216783586712
0.006241739530003432
0.006574536507417049
0.006291893801704307
0.006390403611464547
0.006711525255935146
0.006135694721907184
0.0066470755606857475
0.005822713769069223
0.006639995785567151
0.007185207306935545
0.006678196688251191
0.006494526298781171
0.006137854545639255
0.0064050114503960845
0.006311551747375946
0.006208965393565434
0.0065491352143628905
0.006647719166068223
0.006612829419530251
0.006282493024580665
0.006663964743810621
0.00604277943539155
0.0067837213405944185
0.006320901672674335
0.006657751329501212
0.006268675568074117
0.006312259098966465
0.006699902265538256
0.0068259557438974
0.006221568583837384
0.006580051447938144
0.0062239738574324105
0.006229206339105383
0.00643621676085412
0.006450504622950311
0.006439400422568252
0.006045820299350532
0.0068451140057779365
0.00601624847426043
0.006410415360937903
0.006080070905613176
0.006194135987550601
0.005955819421532479
0.00664123195804075
0.006506205772279532
0.006326375142126889
0.006292109165010063
0.006781463678603694
0.00686466291917738
0.006477287347585737
0.006108014559115231
0.0062352032773599865
0.006950532931842523
0.00648342486011324
0.006305453667892909
0.006450373745922532
0.006024928360338851
0.0061300039055527415
0.006562811192487935
0.006278352572046446
0.006515021985235475
0.006397819797633401
0.006238968877597547
0.00642720090721238
0.006511904077515716
0.0058467759049267735
0.006958584340482757
0.00650693065974684
0.006696823044998563
0.0063465513718350755
0.0068757256061580535
0.006536156544865016
0.00624277824294064
0.006643393431745824
0.006275975067789356
0.0065036270166727115
0.006323266833883537
0.006725500755060416
0.006256361135172766
0.006505098743202947
0.0062179848082057195
0.006050042486527846
0.006777608497027969
0.006353466285723241
0.006226316665891896
0.006482691736891866
0.006523428345703846
0.006607556081622903
0.006272442357663017
0.00643631242905054
0.006567612294414085
0.00653747152194413
0.006465198504395815
0.0064119357611677604
0.006440909698331382
0.006678375242140902
0.006261110800677241
0.006492702595816998
0.006468822950803679
0.006342091409134723
0.006483766406540682
0.006309469210314544
0.0064764131632637535
0.006230140700573464
0.006330938560251163
0.006449220318032743
0.006691609197840481
0.006964857619481556
0.006488288799099205
0.006564069497983629
0.006250076445456578
0.005862381549156977
0.006223463358607514
0.006183157203259406
0.006715649986857331
0.0064597469059048925
0.006530377402038866
0.006002648791007988
0.0064581285625921955
0.006501031111224325
0.0062869452635527815
0.0065152728577341995
0.00676230981228349
0.006689816018872898
0.006140791455251507
0.006085729940080798
0.006533060389171753
0.007196320833646374
0.006501715658514789
0.006472471642844153
0.006232040083576074
0.0061566627017944015
0.006440933867361703
0.0064475383696214845
0.006789430431634574
0.00650843366117769
0.006579457273206863
0.006360224620499588
0.006298257875582808
0.006192863293927469
0.006263955004384249
0.006033917453575444
0.006501222959642996
0.006525941097350928
0.0062520820355179895
0.006247460332122587
0.006232183686663191
0.006432621315468377
0.006127334012371766
0.006674910255494121
0.006169977057644557
0.00613587443087879
0.006561588986829181
0.006476620857269217
0.006211598713184783
0.006212718186101743
0.006762507105512279
0.00662497305855542
0.0066114947848925085
0.006671524354663891
0.0060730336195672354
0.005966953638924923
0.00598886249651447
0.006402461373275428
0.006288335588055126
0.006553255681762899
0.006613533916677554
0.006181273544892604
0.006657375300956237
0.006244837330630073
0.006470141161305757
0.0067869876622266715
0.0061471416631076504
0.006672097219847691
0.006071997597789416
0.005650410743115784
0.006390770308641128
0.006380403453677699
0.006739960659851695
0.006204537440542922
0.006641655826731484
0.006223386464019616
0.006172747304864647
0.006585962196521751
0.006005045764341757
0.006335421025882036
0.006321634676960575
0.006656274260969195
0.006371636066618033
0.006738649782003004
0.006825565581222053
0.0063264793232567125
0.0066888939147790915
0.006287809695193778
0.006293731596466009
0.006384879899981283
0.006273971048074883
0.006218948730094221
0.006798542466506491
0.0063392132927877305
0.006579043098737474
0.0062509980687702246
0.006539145020921251
0.006513667340265402
0.006551412506698272
0.006204162012721166
0.006620207263229342
0.006498375384427317
0.006276413891061302
0.006323425111348753
0.0062671157237126195
0.006001281993487826
0.006339638429447944
0.006482697455857546
0.006338995083102158
0.006000404870056938
0.006306110966942591
0.006776094773292413
0.006599004665647686
0.005882161671448967
0.006302393987992561
0.006586652131170615
0.006368815048206678
0.006928226378347192
0.006723196110667991
0.006077652314306918
0.006909352502467119
0.006326255938884887
0.00625327106230606
0.006185209163912125
0.006588923473725522
0.0064871266798733115
0.0063489226884414236
0.006646326495116794
0.006459129655741768
0.006901388300494069
0.006420999108229106
0.006009310255133551
0.006349779367124364
0.006229794803942308
0.006493869753659288
0.00654633629571211
0.006768463426410701
0.006399082494657728
0.0068841766015711155
0.00619166292697675
0.006159698979695251
0.00636261470265106
0.006377691053281421
0.006100914664808419
0.006482635786982648
0.0063335956628656105
0.006055691166583336
0.006400847287437358
0.006239224129529807
0.0058288089346414775
0.006575646699361858
0.006237878963085157
0.0064345902331915256
0.006281459542773503
0.0064435757694612725
0.0063644063364698255
0.0062179413192716
0.006277747754636523
0.006445602246749646
0.006183270361975996
0.006209596951222007
0.0060735917569529185
0.006222917541087448
0.006525834045651091
0.006706861067498788
0.006377504320081436
0.006277143452276206
0.006477616794883108
0.006606874378696406
0.006148116053303792
0.005787042539074888
0.006396445691650048
0.006179824186230957
0.006225728127476457
0.006932791344644059
0.006449917049118967
0.006045749255766471
0.006342132185743033
0.007217602450521542
0.006311925225871014
0.005961980716047155
0.0067557999380416685
0.006313815863109576
0.006104117415611556
0.006105130781254276
0.006484609001489493
0.006093889423464606
0.006353060976960958
0.006622669955280113
0.006072437118545368
0.006100666092394234
0.006484489497885882
0.006873339092060601
0.006044429015303716
0.006226501821689469
0.006074632549239121
0.00611839199829766
0.006059395358998538
0.006220262570234088
0.0059298009045212425
0.006862930219733354
0.006759579608910334
0.006100536004571623
0.006611122103666008
0.0062091067620831265
0.006709220020898751
0.006238147695004553
0.00620469789008622
0.006337386579151987
0.006605041005701084
0.006122766670395995
0.006384848564605176
0.0064991765949891245
0.006113106453412281
0.006440668668218957
0.006658921772170635
0.006325099507379003
0.00607869255727407
0.006217815649183668
0.006155691182168273
0.006683109270699032
0.006479423113159222
0.006174537931766474
0.006038430278911155
0.006078711432683004
0.006373387833984641
0.0064105034112381986
0.006762944482412044
0.006692375396116278
0.006278365943177696
0.006399919138818141
0.0063430119610242384
0.00620697565009874
0.00612219150210388
0.00685920635464065
0.006629615064581364
0.006454319395810301
0.006143910101780192
0.0062266151991257545
0.006602574983466562
0.006418094978349291
0.006406947928057475
0.006678846823978863
0.005837359787186696
0.006280286603474191
0.006271641390011101
0.0062502244592229006
0.006195865484817332
0.00595556464231698
0.006387230400923333
0.006825266036031631
0.0066302930734632335
0.0062467863357896026
0.006322047681229197
0.006078566065727375
0.006132127852199269
0.0064136927899021605
0.006191283193299974
0.006210467334659327
0.006302933831541956
0.006819972014498143
0.006335953888543821
0.006511372591679295
0.0060568344275350175
0.0064199227140208474
0.0063691364925806265
0.006121422747730628
0.006469691009966262
0.006307243952100282
0.006135665462856298
0.005958456009852163
0.006225783456503958
0.006643444690772723
0.006532794713280546
0.006646074160119092
0.00700019427788851
0.006539141005348591
0.005922219444880689
0.006220451423100063
0.005923226625896442
0.006056701876344038
0.006415717342054044
0.00597520360170795
0.006733016126075542
0.0064582435678271375
0.0066224122369557105
0.0058317379118850475
0.006351395567588798
0.006030516453022823
0.006191679800646904
0.006439100495374306
0.006310852415843573
0.006492161290776549
0.006599048256382217
0.006210899331256166
0.006266108898494344
0.00664461149987301
0.006847258264126329
0.006563515446725346
0.006184976425997558
0.006334745186054474
0.006255309275871554
0.0067524403944466405
0.006307744636760775
0.006390890147883719
0.006088838063873899
0.0065046558055817045
0.0067182283796112
0.006539529846634442
0.006360246400747981
0.0065706337155024335
0.006421577520023434
0.006428924728854201
0.006324600698466683
0.006179246779337719
0.006825706621156239
0.006447585714876135
0.0063835882271329565
0.005855522134635614
0.006381625475894127
0.0061025994092032505
0.006761816961215043
0.006824655345443523
0.005898407086915461
0.006662329936045266
0.006179510882866138
0.00599690301553447
0.0063293786292081275
0.0061395550892563355
0.0064737601941491744
0.006586510560060025
0.005901964861109402
0.006321549749211509
0.0059811156051580135
0.006092370754849666
0.006451343326301221
0.006466795640969367
0.0063640224370395855
0.0063370542431419544
0.006517094461190881
0.006088930268840486
0.006485476018457766
0.006400656275596325
0.006114262528112763
0.006833645982821009
0.006617643242476113
0.0061730609690665685
0.006262010485498291
0.006120649121048582
0.006539616117947352
0.0063308299109904155
0.005927764461879735
0.006206213753646264
0.006714100061484423
0.006674565447421817
0.006044556866541054
0.006622596048181514
0.005972564772771293
0.006555033866840201
0.006265351680829089
0.006657417228614742
0.006951750082758082
0.006046700063544563
0.0065752975531809385
0.0065762482833488164
0.0059049113379444655
0.006331958875535822
0.00641343743213779
0.0064793098113173015
0.006795203988541127
0.0064492749939249324
0.0061909881676446435
0.006492583416765193
0.006036978534491354
0.006367459141314675
0.006981905779571502
0.006137916593493902
0.006124240936896889
0.006616766117029376
0.00650529934645699
0.006113933976860596
0.006224104016817687
0.006094368004332825
0.006216156652229496
0.006712418372109855
0.006375742526886202
0.0061041067709170635
0.006015093320803274
0.006150812184784835
0.00641858870832822
0.006616965196301024
0.006237372478824996
0.00649148157043826
0.0062311151048805545
0.0067639565115463944
0.005953738552586728
0.006005313212164875
0.006479298449988231
0.006310477637125429
0.006446323941110984
0.006140837999205891
0.005866380627125953
0.00661353027101332
0.0065788758003447224
0.006313963664203753
0.006156247845967805
0.006080989427542016
0.006813561284785598
0.006233214387605652
0.006340051358122201
0.006419470174907348
0.005901214271558054
0.006707094457540742
0.006419326718977262
0.006311967131355172
0.006279709761018877
0.006790685734522098
0.006221356282607366
0.006304452971865733
0.006724507840213193
0.006302763976043824
0.006643832697496786
0.005831025018723625
0.00653426987481872
0.006283148089060922
0.006246316649858311
0.006257056888571872
0.006237389308146455
0.006281801352269334
0.006253874613762353
0.005939577776712902
0.005948739362179072
0.006422971807686346
0.006591837770543444
0.0067496939654990195
0.0061499469105186525
0.006402236792496788
0.006402731784397648
0.005914894945605041
0.006254058972291358
0.006636284317950279
0.006551517744133354
0.006222022292143726
0.006204010644580895
0.006879837570703907
0.00619707614772054
0.006201549924031158
0.00660214236498008
0.0069246075007242044
0.005998626721264931
0.006878318009067536
0.006347577972539188
0.006556283818654619
0.006213320069442386
0.006215838343509799
0.0065248754960021155
0.005935703538301767
0.006956713091686884
0.006519248330102855
0.006430299138222938
0.006292044031897407
0.006163120584247948
0.006650570673198798
0.006391556308608808
0.006078459733685889
0.006010586174116248
0.007409821138455174
0.00613035900050621
0.006302749230103059
0.006568128718829259
0.006086311170033046
0.006297010828607849
0.006678146537941643
0.0062739868210910845
0.005934278235782857
0.006045813387001812
0.006094284361687961
0.0058142823415094766
0.0066433879708089096
0.006114018610295602
0.006072065514790548
0.006843549520930364
0.00620764087244578
0.00679366995209578
0.006120350946635975
0.006408518611642963
0.006395040790538316
0.006679086773595833
0.006157998800946972
0.006672075704683538
0.006632612210807282
0.00623718646225959
0.0063340851262985885
0.0060124302774796756
0.0063109968635717256
0.00607512167098557
0.006842747420370901
0.0063126996709880505
0.006665890197797771
0.006540694449387201
0.006503004585775784
0.006125616038710008
0.00584766521618512
0.006305342472613954
0.0065477009755821325
0.005996971165366245
0.006217079803557236
0.00656012963156873
0.006216904271426268
0.006555996121620977
0.00677970804584523
0.006480671082385433
0.0069391131481696
0.006424257253574861
0.0064590957622523565
0.006370824404883307
0.006456846662583354
0.00628721776511117
0.006619401773018561
0.006565617092026325
0.006264779338758294
0.00652324440949536
0.006770447439824541
0.006208446677129119
0.006201845712685611
0.0064377557653611224
0.005836497725177056
0.006180607820598981
0.006520893698904937
0.006961007322309724
0.0056532168412153725
0.006235740918593554
0.006297397598608103
0.00660018568044101
0.006306374908195107
0.006130470016374539
0.006465324992918736
0.00633848683194971
0.00664351483226403
0.006587211900386653
0.0059976390466190774
0.00674281773274337
0.006496215208929467
0.0061781576167372785
0.0066090325443920765
0.006168496146902958
0.005758205943769126
0.006794102774183085
0.005822937679577828
0.005942904037620985
0.006495270915369773
0.007188510490395935
0.006539531064207678
0.006091883858601317
0.006452023278462228
0.006191526632352825
0.006194671037409342
0.005984674975904938
0.006999316461005317
0.006456129263997788
0.006214086038919238
0.0062924208567030245
0.0066663906959921635
0.0065809593796004335
0.006019699649312795
0.006613818414557677
0.006004050379070691
0.0064593461207094
0.005970550988280735
0.006234705422952513
0.006284054654985021
0.006088716782290827
0.006203639177903855
0.006494775250175105
0.006510412115885904
0.006106069263119202
0.0064838738281489455
0.006005758574853341
0.005912862423791256
0.006429971762211163
0.00659504494916051
0.0065406274435501465
0.006522384091195735
0.006471971884466611
0.005946710411443081
0.006157990411988327
0.0059454462972763945
0.006299828578318868
0.00601692910475487
0.006099932138642772
0.006281592407429115
0.006605919758946478
0.006295106787984441
0.006325871270407975
0.006112546401977281
0.006119977432863537
0.006323737949052285
0.00631316921580986
0.00652109493412787
0.006513785164666189
0.006212919162287986
0.0063757632750195345
0.005937154490492625
0.006277002472817511
0.006560633275496624
0.006653515465791414
0.0065613316071675325
0.00626309820978995
0.006188842332901763
0.0061528842243087755
0.005832459379463291
0.00613957024743837
0.0064395622650637125
0.006197785089816495
0.006348714542885621
0.0067081561491490055
0.0060620208863507614
0.005752425067312209
0.006613103716202822
0.006023697977385673
0.006674342046923193
0.006124777714338847
0.006114698706589865
0.006648154855701766
0.006527455942906858
0.00659808299899327
0.006425944348450476
0.006318168030261542
0.006227953894692775
0.006207550780089709
0.005922748155899959
0.006127653067963787
0.006519072478459705
0.006173116485568094
0.006266827435027082
0.006484943611378019
0.006426299630877969
0.0061002393057610176
0.006444553743838232
0.006731396172098912
0.006143867263965534
0.005771820134084139
0.006917171948287007
0.0059528108686208725
0.005812690274797993
0.0065105692795941455
0.00564748146248683
0.006542847356738853
0.00619588723079628
0.006068574486389046
0.006338340109335138
0.006342627412490386
0.006483285157695348
0.005894593715071033
0.0067238345101185435
0.006105628062152501
0.0060780092497311885
0.00656602171741555
0.0065419993250433245
0.00612817387282042
0.00584362334676603
0.006275712080033762
0.006430590200717702
0.006153790637028295
0.006457757449696784
0.0062532153069263414
0.0066595418979433964
0.006138801774276155
0.006255011349408464
0.006122345216693236
0.0063662438338936925
0.006772955659841433
0.006224636875447773
0.006685969008544049
0.006599658240414995
0.006556421727974177
0.006538527730441132
0.006233640251987618
0.006341191355413172
0.006649937975579203
0.006992690061577858
0.00640552526227001
0.006645424162477126
0.006172258977362991
0.005992385574910806
0.006107533577369985
0.0060012507437853324
0.006232594737573426
0.005846942366741888
0.005840283413357162
0.0062269381322047285
0.006191621573835418
0.006530730733123821
0.005824822217863037
0.006437334332824785
0.006269400310400244
0.005878205129925113
0.006013538914196419
0.006304639262586703
0.007075195069711058
0.006701384388813467
0.006011957669574203
0.005963988214110334
0.006640370121806279
0.006664560605808125
0.006296802058138631
0.006657791251389237
0.00577526756570356
0.006206644813880905
0.006365822269319198
0.006502590273220689
0.006253454950134153
0.0061888008900551185
0.005880615241559488
0.006276189946283252
0.0062063762452453375
0.00653053899860066
0.005892220369511933
0.00615132009324283
0.0070923701154463215
0.006285679516547815
0.0067351774707662335
0.006423510331862094
0.00574198278832326
0.006352332557724926
0.006364654531920111
0.006292978390341713
0.0061982135032404425
0.005955028889934609
0.006609810331787962
0.006345085465063007
0.006239224603254493
0.006322025551230876
0.00634833135605826
0.006157144565473904
0.006202098641351059
0.00632131669984816
0.00623858446916525
0.005973550577716523
0.006456406027062502
0.006277742370301898
0.006032727218285461
0.00638683151969791
0.00649698603962794
0.007028955215330183
0.006313696638701153
