Total time: 5356.79 seconds
CPU Usage (%):
0.0
0.0
0.0
0.0
0.0
0.0
0.0
0.0
0.0
0.0
0.0
0.0
0.0
0.0
0.0
0.0
0.0
0.0
0.0
0.0
0.0
0.0
0.0
0.0
0.0
0.0
0.0
0.0
0.0
0.0
0.0
0.0
0.0
0.0
0.0
0.0
0.0
0.0
0.0
0.0
0.0
0.0
0.0
0.0
0.0
0.0
0.0
0.0
0.0
0.0
0.0
0.0
0.0
0.0
0.0
0.0
0.0
0.0
0.0
0.0
0.0
0.0
0.0
0.0
0.0
0.0
0.0
0.0
0.0
0.0
0.0
0.0
0.0
0.0
0.0
0.0
0.0
0.0
0.0
0.0
0.0
0.0
0.0
0.0
0.0
0.0
0.0
0.0
0.0
0.0
0.0
0.0
0.0
0.0
0.0
0.0
0.0
RAM Usage (GB):
6.694210052490234
6.688068389892578
6.688076019287109
6.711391448974609
6.717372894287109
6.630245208740234
6.712162017822266
6.653690338134766
6.677127838134766
6.641971588134766
6.671714782714844
6.701038360595703
6.674160003662109
6.642578125
6.6865234375
6.693172454833984
6.751102447509766
6.745243072509766
6.727664947509766
6.669193267822266
6.727684020996094
6.739463806152344
6.739463806152344
6.739463806152344
6.716148376464844
6.739967346191406
6.681495666503906
6.681495666503906
6.739967346191406
6.716529846191406
6.716651916503906
6.716651916503906
6.763404846191406
6.681495666503906
6.681495666503906
6.704933166503906
6.739967346191406
6.693214416503906
6.693214416503906
6.704811096191406
6.693023681640625
6.704814910888672
6.693218231201172
6.693111419677734
6.716655731201172
6.739971160888672
6.646877288818359
6.717002868652344
6.705474853515625
6.670314788818359
6.681491851806641
6.716529846191406
6.716529846191406
6.716651916503906
6.681495666503906
6.681499481201172
6.728252410888672
6.693096160888672
6.693096160888672
6.681499481201172
6.751689910888672
6.763408660888672
6.693218231201172
6.716655731201172
6.704936981201172
6.681446075439453
6.687370300292969
6.716667175292969
6.734123229980469
6.728263854980469
6.713737487792969
6.693229675292969
6.728206634521484
6.681510925292969
6.693229675292969
6.693229675292969
6.739982604980469
6.716545104980469
6.704948425292969
6.704948425292969
6.710685729980469
6.693229675292969
6.681510925292969
6.681510925292969
6.716667175292969
6.704826354980469
6.693229675292969
6.681510925292969
6.722404479980469
6.693229675292969
6.704826354980469
6.693229675292969
6.693229675292969
6.728385925292969
6.704948425292969
6.739982604980469
6.763420104980469
GPU Usage (%):

.join(map(str, gpu_percent_usage))
GPU Memory Usage (GB):
8.53125
8.53125
8.53125
8.53125
8.53125
8.53125
8.53125
8.53125
8.53125
8.53125
8.53125
8.53125
8.53125
8.53125
8.53125
8.53125
8.53125
8.53125
8.53125
8.53125
8.53125
8.53125
8.53125
8.53125
8.53125
8.53125
8.53125
8.53125
8.53125
8.53125
8.53125
8.53125
8.53125
8.53125
8.53125
8.53125
8.53125
8.53125
8.53125
8.53125
8.53125
8.53125
8.53125
8.53125
8.53125
8.53125
8.53125
8.53125
8.53125
8.53125
8.53125
8.53125
8.53125
8.53125
8.53125
8.53125
8.53125
8.53125
8.53125
8.53125
8.53125
8.53125
8.53125
8.53125
8.53125
8.53125
8.53125
8.53125
8.53125
8.53125
8.53125
8.53125
8.53125
8.53125
8.53125
8.53125
8.53125
8.53125
8.53125
8.53125
8.53125
8.53125
8.53125
8.53125
8.53125
8.53125
8.53125
8.53125
8.53125
8.53125
8.53125
8.53125
8.53125
8.53125
8.53125
8.53125
8.53125
Epoch times (seconds):
51.15351486206055
45.48617482185364
45.93788719177246
47.742077589035034
47.53046250343323
50.20280122756958
48.04203009605408
50.028295278549194
59.60740518569946
51.45809292793274
58.54756236076355
54.12662959098816
53.56141400337219
55.11952066421509
53.90022325515747
58.17802858352661
54.352641582489014
54.00651955604553
56.442991971969604
56.30071043968201
58.46935439109802
55.740134954452515
55.582184076309204
52.915661573410034
54.07849144935608
57.547224283218384
48.50479555130005
56.17248201370239
54.92116045951843
47.163410902023315
53.127182960510254
52.92080092430115
50.33593726158142
51.865286350250244
52.54661679267883
59.055113554000854
52.82335591316223
45.197877407073975
47.04894995689392
49.951297998428345
48.090768575668335
45.379751443862915
51.76353859901428
46.986653089523315
47.435774087905884
50.065733671188354
47.274847984313965
52.650936126708984
54.25408887863159
49.64976954460144
56.83691215515137
56.31783628463745
53.951629638671875
55.616610050201416
54.24028182029724
58.995192527770996
52.66278910636902
49.725924253463745
53.54145407676697
50.90623188018799
51.64614152908325
48.34860181808472
54.55334997177124
54.92760682106018
55.53849816322327
53.77235984802246
51.98765325546265
53.43535232543945
54.17257237434387
55.99513554573059
58.95450043678284
53.3022723197937
56.14854550361633
57.74799990653992
54.52722430229187
55.37168264389038
55.65919280052185
55.97863459587097
57.763068437576294
66.54046201705933
71.98796725273132
74.20479416847229
73.27128100395203
68.70346856117249
70.17020511627197
73.8465838432312
70.94772553443909
69.13636803627014
73.15412306785583
67.97560834884644
57.99679207801819
56.34621286392212
54.04941916465759
54.87038588523865
46.299386739730835
53.9168484210968
68.43918251991272
