0.08426609272500138
0.057213621971991674
0.055064497249467034
0.05332746358338373
0.04999523661482386
0.046544025156211546
0.04344782738006992
0.041530181593322134
0.04122517853007688
0.03996984502582839
0.03917319914608291
0.038720527704143935
0.03851151553454337
0.0380525632209076
0.037451351666218276
0.038108590546818005
0.03736422447995706
0.03680898913573393
0.03650496759778493
0.03600124634995863
0.03547271062898171
0.03556533942394184
0.03552964335363923
0.03548584705887935
0.03458264445910206
0.03479403170285287
0.03447243952680202
0.03469324724756794
0.033552097543687015
0.03342362190899137
0.0332325216931053
0.033135930495538236
0.032957455409424644
0.032633397058942616
0.032711762257597664
0.03295820810352311
0.03197134840927083
0.031862973634685786
0.03175008807379704
0.03162034813040521
0.0309682267907507
0.03118464012037624
0.03140061645409761
0.031043756978981422
0.030668078627421227
0.030603488326653258
0.030684020337991384
0.032416956894325485
0.030035553604880454
0.030172031840462705
0.031201470328809378
0.03027512693527715
0.030056590569161233
0.032197711666747605
0.02979029875522826
0.03070140720316858
0.02977192254325786
0.029238499209155767
0.02918565978832317
0.029040924583872158
0.029510183082450004
0.028836168074633652
0.028911153354492538
0.028875463573641076
0.02860625611529464
0.02808137789562151
0.02812585276571703
0.028217666697773067
0.02791909591266603
0.027902312439693
0.028049323925530757
0.02772507260178591
0.02747372326590282
0.02751328936451441
0.02733260661653884
0.028145358587304752
0.027315222984784608
0.02694370121054061
0.026518427738637634
0.026632660757992175
0.02647425772952827
0.026285467161373657
0.02723499293967243
0.02630755077096033
0.026543139774368438
0.026230968002762114
0.02623551723535185
0.025891509084474473
0.025983872480722734
0.02598488207471061
0.025687298104489522
0.025674479170924143
0.025546015365234702
0.025573540349930396
0.025807281246497518
0.025749415118908468
0.0251651851871571
