Total time: 19845.42 seconds
CPU Usage (%):
0.0
0.0
0.0
0.0
0.0
0.0
0.0
0.0
0.0
0.0
0.0
0.0
0.0
0.0
0.0
0.0
0.0
0.0
0.0
0.0
0.0
0.0
0.0
0.0
0.0
0.0
0.0
0.0
0.0
0.0
0.0
0.0
0.0
0.0
0.0
0.0
0.0
0.0
0.0
0.0
0.0
0.0
0.0
0.0
0.0
0.0
0.0
0.0
0.0
0.0
0.0
0.0
0.0
0.0
0.0
0.0
0.0
0.0
0.0
0.0
0.0
0.0
0.0
0.0
0.0
0.0
0.0
0.0
0.0
0.0
0.0
0.0
0.0
0.0
0.0
0.0
0.0
0.0
0.0
0.0
0.0
0.0
0.0
0.0
0.0
0.0
0.0
0.0
0.0
0.0
0.0
0.0
0.0
0.0
0.0
0.0
0.0
0.0
0.0
0.0
RAM Usage (GB):
6.6918792724609375
6.764549255371094
6.764549255371094
6.765041351318359
6.765041351318359
6.792690277099609
6.792690277099609
6.780971527099609
6.780971527099609
6.792690277099609
6.7931365966796875
6.742832183837891
6.789588928222656
6.801307678222656
6.789588928222656
6.792350769042969
6.804069519042969
6.804069519042969
6.768913269042969
6.792350769042969
6.768955230712891
6.804115295410156
6.768959045410156
6.792396545410156
6.768959045410156
6.743480682373047
6.743480682373047
6.755199432373047
6.743480682373047
6.755199432373047
6.778514862060547
6.778514862060547
6.790233612060547
6.778514862060547
6.778514862060547
6.825386047363281
6.766918182373047
6.837108612060547
6.743480682373047
6.813465118408203
6.778533935546875
6.813438415527344
6.813697814941406
6.790260314941406
6.813697814941406
6.837146759033203
6.837146759033203
6.825428009033203
6.825428009033203
6.825428009033203
6.7786712646484375
6.778553009033203
6.778553009033203
6.778553009033203
6.778553009033203
6.813709259033203
6.790271759033203
6.801990509033203
6.743518829345703
6.801990509033203
6.743518829345703
6.8019866943359375
6.755241394042969
6.801944732666016
6.801994323730469
6.778556823730469
6.766834259033203
6.790271759033203
6.790271759033203
6.790271759033203
6.790271759033203
6.790275573730469
6.790275573730469
6.778556823730469
6.790275573730469
6.778556823730469
6.778556823730469
6.778556823730469
6.779045104980469
6.778530120849609
6.778682708740234
6.8138580322265625
6.7553863525390625
6.7904205322265625
6.7787017822265625
6.813873291015625
6.790435791015625
6.790435791015625
6.813873291015625
6.790435791015625
6.779247283935547
6.8026885986328125
6.7909698486328125
6.7792510986328125
6.8026885986328125
6.802284240722656
6.8026885986328125
6.7909698486328125
6.7909698486328125
6.7909698486328125
GPU Usage (%):

.join(map(str, gpu_percent_usage))
GPU Memory Usage (GB):
13.451171875
13.451171875
13.451171875
13.451171875
13.451171875
13.451171875
13.451171875
13.451171875
13.451171875
13.451171875
13.451171875
13.451171875
13.451171875
13.451171875
13.451171875
13.451171875
13.451171875
13.451171875
13.451171875
13.451171875
13.451171875
13.451171875
13.451171875
13.451171875
13.451171875
13.451171875
13.451171875
13.451171875
13.451171875
13.451171875
13.451171875
13.451171875
13.451171875
13.451171875
13.451171875
13.451171875
13.451171875
13.451171875
13.451171875
13.451171875
13.451171875
13.451171875
13.451171875
13.451171875
13.451171875
13.451171875
13.451171875
13.451171875
13.451171875
13.451171875
13.451171875
13.451171875
13.451171875
13.451171875
13.451171875
13.451171875
13.451171875
13.451171875
13.451171875
13.451171875
13.451171875
13.451171875
13.451171875
13.451171875
13.451171875
13.451171875
13.451171875
13.451171875
13.451171875
13.451171875
13.451171875
13.451171875
13.451171875
13.451171875
13.451171875
13.451171875
13.451171875
13.451171875
13.451171875
13.451171875
13.451171875
13.451171875
13.451171875
13.451171875
13.451171875
13.451171875
13.451171875
13.451171875
13.451171875
13.451171875
13.451171875
13.451171875
13.451171875
13.451171875
13.451171875
13.451171875
13.451171875
13.451171875
13.451171875
13.451171875
Epoch times (seconds):
311.6650981903076
407.3724308013916
191.50725531578064
238.01690483093262
244.98743176460266
229.16355204582214
230.06210613250732
226.52879524230957
242.7913360595703
236.38977932929993
238.82713079452515
225.09682965278625
235.64830136299133
230.3242359161377
216.5375907421112
229.22298526763916
222.98782300949097
232.95307874679565
219.0950562953949
231.27075743675232
232.43337845802307
228.764395236969
226.3450026512146
241.13964676856995
221.1055827140808
243.09831762313843
223.0083122253418
219.3157320022583
223.24071383476257
224.09092116355896
220.66371512413025
252.3541088104248
153.80060386657715
128.06471037864685
127.86011123657227
129.47344326972961
127.83491659164429
127.89235758781433
127.91590452194214
127.85648393630981
129.62712860107422
127.967702627182
127.88337826728821
127.9017436504364
127.98765468597412
129.95085620880127
239.28823590278625
198.97144103050232
270.72063064575195
271.01838541030884
272.69399881362915
239.58495235443115
297.3231871128082
207.20495867729187
209.11293530464172
203.08495473861694
195.01470756530762
193.20100116729736
186.95759844779968
181.179927110672
181.6288709640503
178.72930932044983
185.34605312347412
179.29645204544067
177.03570771217346
188.7252857685089
245.0223889350891
178.85739016532898
180.39208340644836
180.01981019973755
178.89459419250488
177.07957434654236
178.95249843597412
179.47415280342102
177.23943066596985
178.29394459724426
177.5333833694458
178.83633494377136
177.81014370918274
179.54007267951965
180.95288133621216
180.85062837600708
180.39557480812073
178.22011947631836
179.38261151313782
180.67559719085693
180.50514483451843
179.2012379169464
180.13344883918762
178.65615701675415
180.07799983024597
179.66537261009216
178.38767790794373
178.38246893882751
179.68415474891663
180.22691178321838
178.16485381126404
179.49404883384705
180.15245246887207
178.5054407119751
