0.07591410515047771
0.0580907470316856
0.049987274161600447
0.038299036611403735
0.033582923450059705
0.029035787255346
0.02569641550252964
0.02340162093085902
0.020770597578030386
0.01965754244928107
0.018560415964363974
0.01777949215626562
0.018474446351587515
0.017016874327933116
0.01660867538948209
0.015983354009978183
0.01624830857370839
0.015494234372107755
0.015638765556439435
0.014817105182869867
0.014072858242648633
0.014016287469857442
0.014089193070121915
0.014002301298823707
0.01329820825278888
0.013866187754647557
0.013490910936163102
0.013140115255965685
0.012987200932746584
0.013486349588316498
0.012834638929663798
0.013079787914951643
0.012308819707305659
0.012742784551598808
0.012805025008591738
0.011997213605307526
0.012430090969226835
0.012485360111879966
0.012481642439477629
0.012176568386068334
0.011848456238384372
0.011892222908216638
0.011745882272978366
0.011998032723670398
0.012147410974325814
0.011380597888552522
0.011565375125672652
0.011312923740869734
0.011092762732918645
0.01175564635964312
0.011149726461344983
0.011043120667467385
0.011107448276809671
0.010821790682369626
0.010900097631030914
0.011477026017987496
0.011391632170194671
0.011041154329023965
0.011032889103234716
0.010948465270236199
0.010929644398100964
0.010668678604292147
0.010564253879186912
0.01074484083398338
0.010478091178244197
0.010547049462521102
0.010404389764855563
0.010781394821708595
0.010402951718134669
0.010832598418787573
0.010216221388719686
0.0105219151405416
0.010578310433613918
0.010543653828160459
0.010514122085218435
0.01092484931046248
0.010736086176006824
0.01076186229414367
0.010419396054628608
0.010027000386251773
0.010228154576056964
0.010138252681500209
0.010237043947223332
0.010055259609941667
0.01019127955216737
0.010424735849053958
0.010498056960296192
0.010171232682560042
0.010108558281659435
0.009890718895587184
0.009991923377353263
0.00994283604149372
0.010237788803698052
0.0100289986114062
0.010335152253137652
0.010043884073162363
0.009955199082579577
0.010315270810206603
0.00966110656207258
0.010265597148326698
